0
0.03737983
-0.01280783
-0.08054052
-0.1007538
-0.1456422
-0.1522836
-0.072007
-0.0600816
-0.06722651
-0.0472126
0.04533857
0.02958463
0.02834325
-0.03412056
0.05381837
0.1357787
0.1463701
0.1129771
0.09531161
0.05438855
0.04751518
0.1094131
0.1211009
0.1268951
0.07956381
0.09485214
0.1585148
0.2200944
0.2881346
0.2273243
0.3234337
0.3861219
0.3717306
0.4589113
0.4833198
0.386597
0.3626972
0.4561415
0.4481601
0.3990135
0.4555186
0.4228978
0.3985555
0.4143712
0.3855522
0.3646752
0.367702
0.3457435
0.3503288
0.4060699
0.4149624
0.331386
0.365094
0.3054561
0.3254623
0.2240299
0.2415858
0.2703871
0.2649071
0.2344237
0.2801604
0.2596526
0.2205821
0.2262437
0.3019487
0.2562066
0.2283576
0.2385735
0.263048
0.337368
0.3592006
0.3482871
0.3534156
0.3794739
0.3748219
0.2765113
0.2824295
0.2474853
0.2353551
0.2183665
0.2452173
0.2789701
0.2638828
0.3491918
0.3401791
0.3476697
0.3495919
0.3227893
0.2560659
0.2574516
0.2847831
0.2890522
0.2779665
0.2626638
0.2483354
0.192505
0.3104532
0.2511234
0.2735861
0.270007
0.3233938
0.3483297
0.3623479
0.2987325
0.285367
0.2540707
0.2869231
0.339139
0.2884987
0.2300993
0.1470979
0.1700005
0.1254704
0.1397868
0.1579041
0.0894441
0.009216977
0.05646458
0.1192355
0.1315843
0.1322948
0.1241203
-0.006959834
0.006783936
0.03303567
-0.05544767
-0.009656781
-0.1195975
-0.118019
-0.0674242
-0.08012066
-0.1018616
0.00582579
0.06164942
0.1043374
0.04136087
0.1135219
0.1942387
0.2753039
0.2924583
0.3642506
0.3209805
0.3091677
0.349285
0.3040527
0.2779575
0.2252349
0.2553384
0.2126096
0.2055266
0.2851124
0.3316839
0.3838765
0.3630475
0.3520343
0.2995937
0.2345105
0.1714514
0.2009445
0.245222
0.2496422
0.212665
0.170881
0.09055413
0.1081804
0.1302672
0.06872339
0.03814245
0.08416947
0.06901606
0.0232897
0.0665721
-0.01395858
0.07268296
0.1806686
0.1682276
0.226123
0.2333384
0.2599042
0.2181672
0.1857614
0.1719434
0.2155144
0.2571723
0.2506448
0.301866
0.234587
0.2459638
0.2290741
0.193711
0.2553189
0.2029254
0.1745898
0.1285562
0.1665009
0.2210607
0.1924655
0.1928314
0.2278387
0.2664212
0.2390346
0.2171315
0.2335979
0.2198443
0.1929776
0.2113323
0.2433984
0.1512387
0.2053097
0.2958012
0.3281288
0.3036008
0.3454469
0.3644052
0.3390997
0.3169349
0.2687244
0.2510153
0.2289458
0.2112953
0.2035339
0.1971253
0.2435901
0.2654278
0.3013669
0.3264921
0.3440556
0.292475
0.2709742
0.3054797
0.3125456
0.4072765
0.3413598
0.3407653
0.3520833
0.3119705
0.3727118
0.4719354
0.4978463
0.4855742
0.4227797
0.3311427
0.2934725
0.3210232
0.2507773
0.3134479
0.2038571
0.1297022
0.2194468
0.2334376
0.1960343
0.1827963
0.2449203
0.3248011
0.2934627
0.2681644
0.2121271
0.2810614
0.1869562
0.1705775
0.2009934
0.1889737
0.1676098
0.1906872
0.2425552
0.2764923
0.3431601
0.4241426
0.4915549
0.4566152
0.4181343
0.3668458
0.4344024
0.4845352
0.5694135
0.4280244
0.4506518
0.3858089
0.3520186
0.4430954
0.3989545
0.4690035
0.5084702
0.5064008
0.4103692
0.3791663
0.4441193
0.4405782
0.430565
0.4545958
0.4137668
0.4656443
0.3923603
0.3857436
0.348608
0.3585925
0.3600086
0.3446981
0.276392
0.2605065
0.3132461
0.2523669
0.2482052
0.2730484
0.2925032
0.3491605
0.2781129
0.2501312
0.2167927
0.2272429
0.1214116
0.1392833
0.2193076
0.2456869
0.2236604
0.1481232
0.1050281
0.1037881
0.1585015
0.08613825
0.1361404
0.1738562
0.1093885
0.02782216
-0.03566923
-0.005649958
0.00342375
-0.07810904
-0.04585903
-0.01766427
-0.04392842
-0.02380325
0.006510021
-0.02947011
0.03005134
0.01467482
-0.1249333
-0.112503
-0.03342976
-0.02764841
0.1523931
0.2247872
0.2688395
0.2595265
0.2487095
0.2242594
0.2518469
0.2003714
0.1752994
0.1362409
0.2107757
0.2161504
0.1514794
0.1675131
0.2532565
0.2666983
0.3140897
0.262036
0.1762836
0.1553879
0.1340341
0.1710747
0.1669935
0.2314719
0.2711711
0.2689027
0.2839709
0.2267841
0.1501446
0.1912674
0.217875
0.2432952
0.1889373
0.2137415
0.1980619
0.1605841
0.1071712
0.1405727
0.180481
0.1907957
0.1432114
0.1205887
0.1464256
0.1666885
0.2171473
0.2052994
0.1761908
0.1637782
0.2486572
0.281951
0.3429892
0.3299756
0.3008365
0.3130898
0.2961906
0.3441484
0.3372935
0.332855
0.3737738
0.3123985
0.2938292
0.323434
0.3837933
0.3254836
0.2811396
0.2715723
0.281757
0.2310132
0.1560331
0.1925652
0.2389942
0.1788353
0.1666289
0.1605555
0.1467428
0.07750338
0.07525273
0.1110439
0.2057973
0.1677637
0.1792323
0.2637625
0.2955031
0.3112415
0.2539927
0.2423463
0.1737957
0.1967545
0.1478219
0.1067734
0.04421461
0.1256639
0.1387947
0.1290531
0.09600991
0.08551047
0.1074901
0.03992132
0.103495
-0.01109221
0.03659363
0.02138982
0.008147532
-0.0467439
-0.05095979
-0.03123361
0.0142524
-0.03710467
0.02556616
0.0578073
0.06871403
0.1371896
0.1513453
0.1038231
0.1393523
0.1809165
0.1662638
0.1610429
0.2053031
0.1955704
0.2427118
0.139229
0.08802286
0.1198238
0.1140116
0.09284828
0.08436412
0.05182824
0.1735859
0.1631582
0.14627
0.1308713
0.06505366
0.1782657
0.2073736
0.2323665
0.2530588
0.314071
0.350511
0.3051726
0.2908783
0.240216
0.227247
0.2821458
0.3277449
0.3320354
0.3709357
0.4417135
0.5032846
0.5183404
0.5971105
0.4823498
0.4839528
0.4736217
0.4183113
0.2859282
0.27647
0.2607455
0.2868728
0.3368628
0.3551276
0.3758792
0.2908475
0.2684294
0.129679
0.1017453
0.175148
0.1497047
0.1184558
0.1708447
0.1241478
0.08487841
0.06475347
0.04035908
0.02406537
-0.05659285
-0.1058493
-0.1203688
-0.1142677
-0.1724451
-0.2059141
-0.1510188
-0.1919854
-0.2058148
-0.1709353
-0.1217037
-0.03854453
-0.03426676
-0.01563476
-0.08023441
-0.08316561
-0.06917772
-0.1483435
-0.007257358
-0.1329433
-0.1000536
-0.07385667
0.003765582
0.03852639
0.03152968
0.09131809
-0.02451026
-0.03341924
-0.02671335
-0.003827101
0.03303433
0.03455497
0.07873201
0.02643248
-0.02662095
-0.1133775
-0.1366274
-0.06144559
0.0007245384
-0.001614888
-0.1059438
-0.2067355
-0.1597116
-0.09665197
-0.0556513
0.006660297
-0.01146765
0.0001792237
0.09373318
0.1352232
0.1737349
0.1629363
0.1393606
0.03649477
0.04893468
0.02687343
0.0338693
0.09768292
0.06965407
0.1205175
0.1396871
0.1964809
0.2961067
0.2801856
0.2997791
0.3185138
0.2228189
0.1562016
0.1747201
0.1296319
0.09363373
-0.008907287
-0.00814506
-0.06431646
-0.01942162
-0.04817106
-0.08904859
-0.06330848
-0.06570045
-0.1137127
-0.1244874
-0.1626507
-0.1202672
-0.06860223
-0.04015295
-0.008827155
0.04366081
-0.02838766
-0.05575921
-0.08153397
0.02451842
0.0523835
0.1615988
0.07431301
0.1199483
0.1333475
0.1319911
0.05421332
0.009422129
0.05297605
-0.0142135
0.0006063838
0.01906394
0.09820427
0.08927175
0.08719679
0.01376711
0.1035406
0.1052285
0.1011826
0.1753017
0.2307562
0.2469376
0.2471838
0.3172215
0.2127846
0.2566758
0.2953534
0.3193365
0.3193317
0.3482212
0.3073812
0.3251542
0.3103867
0.3327402
0.2662424
0.2945076
0.3076521
0.3166105
0.3405428
0.4287331
0.398336
0.4199771
0.3194391
0.3657232
0.3387683
0.2605858
0.269269
0.2401879
0.1892361
0.1965904
0.2209835
0.1379932
0.204086
0.2746994
0.3525828
0.2764861
0.248055
0.2171555
0.2270398
0.2107239
0.1115661
0.114824
0.1448613
0.1111171
0.09821788
0.03403214
0.06604369
0.07655027
0.0834261
0.09058616
0.2002918
0.2431959
0.1641005
0.1618699
0.2445012
0.1497893
0.2062726
0.1794223
0.1431785
0.2296565
0.1818923
0.2101309
0.1528665
0.1369812
0.1067313
0.06519757
0.02231056
-0.001225812
0.02436486
0.01614456
0.02754406
-0.04549126
-0.02716788
0.004997824
0.008741015
0.01508676
0.02794555
0.04663224
0.06534449
0.1693208
0.1785905
0.1779911
0.09856579
0.04918338
0.09950193
0.1229529
0.09728869
0.04147836
0.01710918
-0.02573381
0.01043708
0.01528006
-0.003548761
0.06287898
0.07815683
0.09856515
0.01404611
0.08109154
0.1490374
0.1897201
0.2145706
0.2185986
0.2672131
0.2798639
0.3829983
0.3786693
0.4254271
0.3575561
0.3486043
0.3472217
0.4317963
0.4174383
0.458803
0.380542
0.3313514
0.3270628
0.2740387
0.2568982
0.3177869
0.3120208
0.2761239
0.262628
0.236045
0.250209
0.2257017
0.22098
0.2306052
0.3697271
0.3968323
0.4419997
0.4743991
0.5033607
0.5219904
0.4539924
0.4867739
0.4476441
0.4758433
0.4420969
0.4318684
0.4667465
0.5270035
0.5140499
0.5232514
0.5114138
0.4921166
0.4934769
0.5065686
0.3848332
0.3182526
0.2768544
0.2211088
0.2672133
0.2390612
0.2440136
0.2785424
0.3551133
0.38263
0.339985
0.3081439
0.2966867
0.2447366
0.2310138
0.2405712
0.2520561
0.1539888
0.1688842
0.1436311
0.03584663
0.08839078
0.1162299
0.1256914
0.1869698
0.1867046
0.2050036
0.2336163
0.2781883
0.3184604
0.3094968
0.2883789
0.3499621
0.4401097
0.4333864
0.3602759
0.3681257
0.3400011
0.3779428
0.4158393
0.4039251
0.3551934
0.3379478
0.401731
0.4505058
0.515959
0.4570224
0.4271864
0.3469341
0.286905
0.2628936
0.2994349
0.3590784
0.371399
0.4441599
0.4631722
0.4286094
0.4176455
0.4259984
0.3609525
0.3246979
0.2712515
0.3071072
0.2876257
0.3472343
0.3857663
0.3497653
0.3647275
0.4392768
0.3456184
0.404479
0.4610641
0.4554028
0.5157108
0.6001763
0.5482399
0.5204632
0.4838428
0.4867889
0.5355466
0.6058643
0.6073881
0.6185649
0.5708693
0.5981901
0.5091316
0.5492298
0.5987152
0.5052504
0.5451105
0.4964284
0.4578509
0.4791768
0.4748525
0.5041196
0.4534223
0.4881416
0.48705
0.4308397
0.3626403
0.3669141
0.3841951
0.296815
0.3176342
0.2839252
0.2605607
0.2259426
0.2247327
0.2385697
0.1977142
0.2171435
0.3289159
0.3856044
0.3219557
0.3385942
0.3853393
0.4821095
0.4599441
0.4482752
0.3956347
0.3836054
0.4097433
0.4847977
0.5298378
0.6143569
0.4777715
0.5213127
0.5686977
0.5912525
0.5806401
0.6116857
0.5435876
0.5606993
0.6374441
0.6378067
0.5152566
0.601817
0.5622754
0.596808
0.6133651
0.5915448
0.5910885
0.5611769
0.5159543
0.5178522
0.4739171
0.4042441
0.3826256
0.4053016
0.3588789
0.4012753
0.3056564
0.2874888
0.2784757
0.2549981
0.2814206
0.3620544
0.3942002
0.4938542
0.4591001
0.4051691
0.4031085
0.3839801
0.2696574
0.2835287
0.233593
0.3146477
0.3160827
0.3911386
0.4272843
0.463177
0.4206525
0.3700112
0.2997777
0.3246443
0.2715517
0.2331773
0.2784711
0.213658
0.3343318
0.2107859
0.221103
0.1455243
0.0969247
0.01782579
0.02756997
0.07302958
0.05331792
0.07580298
0.1125773
0.06886433
0.1230287
0.147169
0.1989346
0.2010149
0.1736404
0.192471
0.1650596
0.2365453
0.2539488
0.2569298
0.1494984
0.1012347
0.09835884
0.148443
0.1726701
0.1725658
0.1400182
0.1536105
0.198717
0.2568801
0.26482
0.1681517
0.2126726
0.2468713
0.2550746
0.2357469
0.3102131
0.2332249
0.215679
0.1361651
0.07979952
0.106758
0.04602657
0.117113
0.1236564
