0
1
1.698009
-0.04591532
0.7093925
0.9678062
0.002285395
1.558387
-0.4459604
1.391211
-0.2527464
1.51188
-0.09276376
2.000337
-0.1099305
-0.05089026
1.904943
-0.4434081
-0.01885351
1.730575
-0.350479
0.7432208
0.8153648
0.2276818
1.13909
0.0200227
1.681631
-0.4297136
0.8856192
0.659385
0.7022965
0.7812201
0.2947064
0.7541832
1.27339
-0.2624214
1.789249
-0.4913499
0.5872355
0.3677845
0.5280022
0.3941544
0.6849341
0.3262645
0.86409
0.1236335
1.196961
-0.1750524
1.732006
-0.5747446
1.056684
0.0447942
1.414844
-0.2683174
1.856504
-0.3206231
0.2748155
0.7429123
0.1630012
1.110987
-0.06271665
1.587781
-0.315801
1.761567
-0.2704313
0.1506463
1.117702
-0.01966588
1.779005
-0.2904931
0.601199
0.5950595
0.2973491
0.7212341
0.2197728
1.078563
-0.06096061
1.590206
-0.4345383
1.625634
-0.2405775
0.4172237
0.4927851
0.3810395
0.4426633
0.4080169
0.5347659
0.459039
0.6466497
0.3634465
0.6953551
0.2363383
0.8220713
0.1338649
1.315912
-0.2508941
1.646119
-0.4837734
1.408645
-0.2644817
1.122034
1.201806
0.989013
0.6634425
0.03024908
0.3589216
0.4594788
0.8345447
0.2965814
0.6755468
1.319066
-0.3064957
1.812878
-0.3754413
0.4148925
0.4012698
0.4050926
0.4533404
0.4762607
0.5458634
0.5122388
0.5460044
0.413511
0.4877428
0.3575273
0.5489458
0.3822871
0.7282731
0.2818308
0.9437243
0.07963104
1.379524
-0.2848999
1.519833
-0.2304361
1.790767
-0.445167
0.3072132
0.6054973
0.2645017
0.8393047
0.1615588
1.285176
-0.1885223
1.758668
-0.5716115
0.8968116
0.2284273
1.113586
0.01402882
1.409346
0.5273554
2.117403
0.3503602
0.1840872
1.901646
-0.4582351
-0.4250035
1.812661
0.9273481
0.5245166
1.321918
0.8234562
1.727016
-0.3521893
-0.3921662
1.789412
0.1838497
-0.04833149
1.486722
0.3539848
2.076213
-0.1472486
-0.1661176
1.912435
0.2922968
0.04621952
1.731893
-0.61267
0.04651711
1.489941
-0.2463857
1.195702
0.9959068
1.429875
0.7266924
-0.09049055
0.4912484
0.6729418
0.4403013
0.5271385
0.508096
0.5857469
0.4231763
0.5432078
0.3286778
0.5591731
0.3371831
0.7647512
0.2428169
1.072684
-0.0171821
1.607025
-0.4685466
1.248577
-0.05181728
1.689007
-0.5395744
1.166583
-0.04779326
1.547969
-0.3137361
1.825358
-0.161597
0.08392856
1.428056
-0.243828
1.8168
-0.4422437
0.3995536
0.4093079
0.4166444
0.4747616
0.4929276
0.5615095
0.4935458
0.536854
0.3870081
0.4895254
0.3608959
0.5885363
0.3740154
0.7858911
0.2123001
1.037875
0.02822422
1.609712
-0.3323355
0.9956334
0.9795761
0.7028186
0.9242201
0.4664396
0.6308456
1.192506
-0.1537834
1.70602
-0.5640051
1.197549
-0.09674869
1.359574
0.8298353
2.01767
0.5676591
0.3738626
1.849812
-0.7897457
-0.3488296
2.12174
0.8922398
0.5363913
1.839253
-0.8285569
-0.4179483
2.090133
1.136863
0.6696705
1.802131
-0.7335088
-0.1294064
1.982292
0.1673487
0.4069121
1.213025
-0.04573671
1.346892
0.8552209
1.975342
0.6019406
0.362959
1.770254
-0.6498186
0.09382562
1.355837
-0.083989
1.271318
1.319858
1.543629
0.9094796
0.6316221
0.59638
0.7666883
0.2923324
0.7599774
1.224349
-0.1718154
1.685051
-0.5177896
1.209252
-0.0778793
1.578005
-0.3270579
1.79579
-0.1659901
0.07676072
1.397837
-0.1656756
1.910213
-0.3259573
0.1901318
1.099869
-0.0817833
1.625367
-0.4717341
1.528483
-0.2462571
0.6262128
0.6808327
0.2012831
0.9821061
0.04997438
1.492639
-0.2786552
1.786584
-0.4008797
0.3437343
0.517262
0.3182953
0.6397475
0.3182967
0.9193971
0.0908544
1.304267
-0.1143376
1.931935
-0.2641693
0.2430455
0.9808923
0.009318333
1.505607
-0.4033094
1.625403
-0.3837436
0.7387393
0.6507867
0.4066854
0.835876
0.1698998
1.019094
0.05142704
1.627108
-0.1993581
0.8341255
1.265077
-0.09254853
1.33696
1.058362
1.882037
0.7724776
0.5794821
1.571252
-0.1424012
0.8933879
1.450536
-0.1587494
1.088692
1.503751
0.5402797
0.7310967
0.422225
0.6394479
0.9683751
0.002819667
1.675589
-0.1703481
0.7798376
1.188082
-0.1042763
1.498513
0.1442228
2.146102
0.1440874
0.05261168
1.923479
-0.1444932
-0.2109142
1.858733
0.2484176
-0.03506817
1.655941
-0.5019902
0.5195794
0.3224692
0.5487285
0.3516651
0.7528052
0.2632423
1.029437
0.0239467
1.527465
-0.4075326
1.36936
-0.1478276
1.745534
-0.5715556
0.8941231
0.2258385
1.140661
0.0327327
1.354452
0.8976551
1.974041
0.6908018
0.4623476
1.759868
-0.6069328
0.1789742
1.041452
0.05282402
1.481521
-0.01447095
1.976086
-0.2917893
-0.06463525
1.916403
-0.3483826
0.2054767
1.027046
-0.02339193
1.570991
-0.43398
1.587638
-0.3153391
0.650896
0.626345
0.2844688
0.8441827
0.1333134
1.277087
-0.2090197
1.774595
-0.559144
0.811244
0.3155442
0.8740259
0.2669359
1.152836
0.3033412
1.555102
-0.134054
0.5542081
0.6650252
0.2482212
0.825637
0.2047224
1.267234
-0.1481139
1.717316
-0.5668519
1.125601
-0.02738189
1.455128
-0.04756023
2.070176
0.07567917
0.03723947
1.904748
-0.4917086
-0.2777488
2.012276
0.3014236
0.1455243
1.757246
-0.6091855
0.3160803
0.6378323
0.3191525
0.9188089
0.09292785
1.300947
-0.1032451
1.933608
-0.2572447
0.2387069
1.008789
-0.01041963
1.533969
-0.4194106
1.620165
-0.338531
0.6401943
0.5785378
0.3289193
0.7367911
0.2293568
1.054113
-0.04369202
1.600408
-0.4872479
1.408544
-0.2695694
1.173577
1.102571
1.280922
0.6174707
-0.08212326
0.4344197
0.7129442
0.8142656
0.09964847
1.385334
-0.2580701
1.429364
0.1662522
2.062473
-0.05037247
-0.0553056
1.933252
-0.2452418
-0.2365036
1.896138
-0.001467733
-0.09234211
1.750766
-0.5687712
0.5079334
0.313959
0.5932831
0.3342517
0.8433561
0.1737202
1.178446
-0.02341081
1.79364
-0.3788853
0.579933
0.48197
0.3924307
0.5315266
0.4117216
0.6636729
0.336305
0.8048663
0.1568102
1.091092
-0.09183389
1.683076
-0.545118
1.211629
-0.1069376
1.434768
0.4161494
2.192748
0.3863755
0.267175
1.976017
-0.2699752
-0.1995844
1.935749
0.7314716
0.6026918
1.707475
-0.5684569
0.1758843
1.046522
0.01526352
1.526376
-0.1974253
1.868667
-0.3256061
0.07038161
1.471552
-0.3657728
1.444986
-0.2092516
1.766617
-0.5346993
0.6160043
0.3226155
0.6230938
0.3342536
0.886885
0.1241574
1.237221
-0.05328222
1.88973
-0.2835791
0.3416956
0.5730364
0.2855347
0.7335055
0.237062
1.11174
-0.07971846
1.59445
-0.429147
1.654785
-0.1941653
0.3027006
0.6636174
0.4489895
0.489229
0.5342184
0.5321419
0.5115026
0.4498511
0.4349635
0.4089374
0.4749219
0.4692261
0.5707047
0.4721597
0.587277
0.351137
0.5741548
0.2892846
0.7287292
0.2376432
1.100151
-0.07185839
1.587528
-0.4244006
1.662552
-0.2012814
0.3042678
0.6584653
0.4249975
0.5129826
0.4944828
0.5948143
0.4307829
0.5744011
0.3206225
0.5808961
0.3062316
0.8036396
0.1990025
1.177221
-0.09786621
1.73216
-0.5451993
0.9670235
0.213533
1.251705
-0.08275198
1.339111
1.057183
1.889097
0.7730842
0.5881294
1.586366
-0.2051113
0.7945866
1.175214
-0.06864744
1.444151
0.4436793
2.178029
0.3439023
0.2271233
1.963546
-0.2480193
-0.2006598
1.927705
0.6573522
0.4836153
1.719986
-0.5078352
0.383939
0.4333793
0.4232982
0.5219343
0.4841095
0.608217
0.4074604
0.6064967
0.2940484
0.6472774
0.2590282
0.951725
0.0646984
1.417441
-0.2240793
1.872401
-0.3491391
0.247955
0.8288495
0.1049643
1.312153
-0.2406242
1.595345
-0.3642662
1.641089
-0.3688815
0.5302327
0.4128498
0.4020756
0.461415
0.4700933
0.5592222
0.4936077
0.5715299
0.3799684
0.5332635
0.3186766
0.6316193
0.3112166
0.9053356
0.1030128
1.299038
-0.1269233
1.908954
-0.3257194
0.297319
0.6916635
0.210562
1.01268
0.003599359
1.531697
-0.3526084
1.728276
-0.3269797
0.3610566
0.504625
0.3232096
0.5522705
0.3525891
0.7596656
0.2570699
1.036994
0.02401579
1.544323
-0.4074021
1.303363
0.007208967
1.829218
-0.4783809
0.4230182
0.3786815
0.4561385
0.4319071
0.5643602
0.4654075
0.6434693
0.3337168
0.6700696
0.2311574
0.8426421
0.140441
1.339325
-0.2568893
1.68538
-0.5362136
1.177439
-0.05791363
1.553041
-0.3022117
1.840691
-0.1389754
0.0534688
1.530363
-0.3449332
1.65648
-0.4364694
0.7200973
0.5128176
0.5381273
0.5958723
0.4624092
0.5137017
0.3686803
0.4472069
0.4071328
0.5464388
0.453133
0.6624258
0.340308
0.7246235
0.2159799
0.897732
0.08999721
1.42862
-0.3258797
1.664832
-0.4955764
0.9813116
0.3512347
1.26369
0.2320458
0.7805215
1.442067
-0.3362981
1.539983
-0.3877519
1.091613
0.6811346
1.339083
0.4883069
-0.004801283
0.5584866
0.8882557
0.2780118
0.9253634
0.05679642
1.395286
-0.3175126
1.741654
-0.470748
0.6588724
0.432422
0.532836
0.4803717
0.6072429
0.3904744
0.6101945
0.2826005
0.6871431
0.2370138
1.038833
-0.01491553
1.519119
-0.2950201
1.838125
-0.21222
0.1209429
1.324716
-0.217675
1.804874
-0.5193257
0.6245549
0.368369
0.5576602
0.4010496
0.7307006
0.2780734
0.9119887
0.1118509
1.315914
-0.1984272
1.485606
0.1087536
2.075969
-0.0692134
-0.07736904
1.939751
-0.1065498
-0.2061126
1.825437
-0.1183453
-0.2005971
1.750335
-0.5060405
0.4144341
0.4051397
0.4448217
0.4723651
0.5342854
0.5213854
0.5402278
0.4352131
0.4749142
0.3726506
0.5134203
0.4073372
0.6584397
0.3587795
0.8048487
0.1670855
1.050128
-0.06540947
1.681451
-0.5070584
1.078747
0.1506061
1.488713
-0.289479
1.132811
1.021372
1.187023
0.6944221
-0.1472839
0.1905061
0.7934785
1.534792
-0.4177506
1.436034
-0.2950887
1.128328
1.072078
1.13615
0.6289792
-0.09218405
0.2655962
0.6720887
1.341384
-0.3141835
1.754424
-0.4489484
0.5749136
0.3885623
0.4908416
0.4172786
0.6096901
0.4047187
0.7253671
0.2350943
0.8731513
0.07654076
1.375776
-0.242307
1.442838
0.1437374
2.04721
-0.1226719
-0.08393612
1.951045
-0.1946554
-0.1762544
1.90061
-0.2041061
-0.08559127
1.831906
-0.5364323
0.4389233
0.3651333
0.4926693
0.4141275
0.631417
0.3956455
0.7567423
0.2099028
0.9202923
0.03841054
1.487983
-0.3143358
1.29324
0.3921449
1.900281
0.1158887
-0.02306953
1.686291
-0.4755034
0.9528243
0.4503323
1.10233
0.4049165
0.6720133
1.287667
-0.2277967
1.63306
-0.4453731
1.48059
-0.3136213
0.9679934
1.061331
0.5461919
0.9005889
0.9772369
0.5146444
0.6289668
1.110618
-0.05677581
1.515652
-0.2336054
1.946884
-0.00979027
0.01671281
1.775071
-0.5929907
0.5891302
0.2785997
0.6802601
0.2739293
1.031967
-0.004187004
1.469517
-0.1988805
1.954103
-0.1067028
0.04779668
1.748955
-0.5558808
0.7216104
0.3109823
0.776508
0.296137
1.097801
0.02800221
1.529848
-0.4214343
1.511563
-0.3699596
1.191733
0.5617834
1.6923
0.3614486
-0.03396471
1.197703
1.594304
1.018671
0.8353555
0.5949407
0.3242038
0.3939464
0.5590295
0.4134516
0.4440312
0.5949564
0.4114637
0.5195571
0.6829687
0.3928094
0.6638216
0.956602
0.08203831
1.23104
0.08281945
1.933066
-0.01353741
0.1908482
1.456952
-0.2806583
1.542151
-0.2846804
1.724118
-0.4453481
0.4687386
0.3620226
0.4587227
0.4059635
0.5699746
0.4385766
0.6936576
0.2950246
0.7874276
0.1709397
1.076223
-0.01496416
1.546397
-0.2097634
1.867754
-0.2853985
0.03467862
1.583046
-0.450956
1.276023
-0.04740947
1.7704
-0.5463677
0.7408934
0.3474973
0.7387676
0.3571063
0.9832398
0.1159936
1.274031
-0.2061201
1.812347
-0.5166571
0.6412649
0.3886019
0.5455191
0.4329401
0.6877972
0.3224175
0.7952617
0.1805906
1.039683
-0.01411956
1.56728
-0.3719684
1.682259
-0.326533
0.4113894
0.4476707
0.3583379
0.4723215
0.3993961
0.5953996
0.4154787
0.7367327
0.2437275
0.8833676
0.1021815
1.336813
-0.1704612
1.40248
0.5545168
2.103075
0.3640823
0.1854418
1.888504
-0.5152812
-0.4613391
1.811937
0.9895561
0.5310226
1.287056
0.858658
1.671125
-0.2088512
-0.3342228
1.693825
-0.3280771
0.2809002
0.6909237
0.2440858
0.8425799
0.1908418
1.29235
-0.1565887
1.741388
-0.5746575
0.9846906
0.1304145
1.326826
-0.2477909
1.563787
-0.2768144
1.791551
-0.3198805
0.1556763
1.113389
-0.08824404
1.762043
-0.4599097
0.7840294
0.5815697
0.5317458
0.7615546
0.3033935
0.7324182
0.6360746
0.3434009
0.9286759
0.09618012
1.263874
0.03412829
1.944684
-0.1067132
0.1812422
1.420353
-0.3029745
1.499229
-0.1741356
1.909007
-0.2762566
0.04252083
1.626821
-0.4546193
1.083522
0.3460848
1.489234
0.1472581
0.472011
0.705807
0.6408652
0.2730328
0.9731884
0.06104692
1.401948
-0.1062401
1.965692
-0.2162612
0.08521999
1.643713
-0.4450561
0.9477171
0.5683381
0.9847757
0.5656988
0.4475053
1.022029
0.2275031
1.022205
0.8312944
0.8946199
0.8825777
0.06343155
0.4149187
0.6614925
0.7369138
0.3412073
0.6826622
0.9733517
-0.0100607
1.596443
-0.4210006
1.179275
0.2470538
1.685879
-0.123615
0.3724166
0.561502
0.4413751
0.4021806
0.4932835
0.4572466
0.6017052
0.4310085
0.6443951
0.2895584
0.6891747
0.202984
1.005084
0.01889698
1.521315
-0.3222368
1.755464
-0.3511687
0.3345026
0.5491158
0.291394
0.6544633
0.2907975
0.9740042
0.04742679
1.396018
-0.1462419
1.962906
-0.1845752
0.1108105
1.592739
-0.4297708
1.089481
0.4603116
1.46491
0.3132831
0.2488174
0.7311315
1.416423
-0.3814331
1.692161
-0.3200668
0.4290194
0.4322877
0.3666807
0.4611079
0.4105982
0.5741536
0.4397071
0.6913288
0.2923576
0.7799406
0.1701407
1.073905
-0.01309318
1.546615
-0.2143976
1.861874
-0.2919746
0.04494454
1.546335
-0.4271794
1.362255
-0.1674007
1.726927
-0.5639397
1.005427
0.1261948
1.389363
-0.2631522
1.407471
0.2576469
2.086262
0.09169929
0.001478156
1.895344
-0.3204802
-0.3321969
1.859802
0.3635226
-0.01215319
1.524577
0.04276919
1.575021
0.001264374
1.699898
-0.5047505
0.7975093
0.4138795
0.7957884
0.4292868
0.8585082
0.5045064
0.6095598
0.4750759
0.5673021
0.357071
0.482381
0.3575616
0.5953202
0.3753895
0.8002147
0.2001939
1.053918
0.0319553
1.640544
-0.305568
0.8890406
1.086648
0.2424113
1.171743
1.283332
1.223448
0.9892744
0.05795537
0.08435174
0.7916196
1.497599
-0.3600898
1.452449
-0.2935802
1.27111
0.7174199
1.829582
0.46527
0.02671179
1.447388
0.5801178
1.972465
-0.3202803
-0.3169687
1.872814
0.5665409
0.1692904
1.536213
0.3085339
1.726418
-0.5218663
0.5343219
0.3202302
0.5602325
0.3434902
0.7755299
0.2395758
1.074421
7.638625e-05
1.612273
-0.4426542
1.155091
0.2284359
1.65227
-0.1318386
0.4744412
0.5166365
0.364799
0.4762671
0.3928265
0.5977479
0.4060385
0.7508959
0.2313554
0.9227472
0.0790128
1.421943
-0.2205903
1.296428
0.8043408
1.841336
0.5803092
0.1397807
1.460083
0.7456789
2.048323
-0.102405
-0.114996
1.919802
0.4257124
0.2972786
1.817099
-0.7146699
-0.06180896
1.825594
-0.04069054
0.5531724
0.4279451
0.3752976
0.4696937
0.4285195
0.5882443
0.4429385
0.6777229
0.2880638
0.7423795
0.1751289
1.043756
0.003951009
1.543749
-0.2733945
1.798052
-0.3354844
0.186662
1.007628
-0.02043104
1.631913
-0.4084467
1.06319
0.5475515
1.284093
0.4509733
0.255403
0.7114835
0.9228435
0.2051398
0.8299925
1.487312
-0.341403
1.396749
-0.09526119
1.752248
-0.5751407
0.8187605
0.2634957
0.9808776
0.1692554
1.296663
0.4478484
1.864427
0.09686311
-0.06000447
1.653304
-0.4079219
1.170285
0.3321565
1.663901
0.0482944
0.2469139
0.8668517
0.9692544
0.2552234
1.323929
0.340726
1.796808
-0.3567447
0.02342731
1.517334
-0.4170391
1.485152
-0.3498392
1.335157
0.2228703
2.019261
0.07399799
0.02317155
1.851232
-0.5875701
-0.06112636
1.793709
-0.2239546
0.6124909
0.6480643
0.2522715
0.8376536
0.1250496
1.318122
-0.2544982
1.688429
-0.5393
1.171752
-0.05439741
1.544474
-0.2845596
1.865205
-0.121675
0.03705277
1.608069
-0.4387015
1.419489
-0.2855761
1.395973
0.286758
2.113408
0.2132594
0.07872623
1.887669
-0.3973592
-0.3916691
1.840073
0.6792478
0.1957132
1.410486
1.110166
2.125203
0.7671611
0.9525509
2.013094
-0.5202446
-0.376423
1.797789
1.159855
1.256384
0.8578488
-0.2147548
0.04702194
1.081202
1.568842
0.4439713
0.7280214
0.4682699
0.5509073
0.6064207
0.2645306
0.7284065
0.2460885
1.126158
-0.0854485
1.571767
-0.3415339
1.805496
-0.1047376
0.06227703
1.457154
-0.1486604
1.909861
-0.3337429
0.1017348
1.420764
-0.3046203
1.425644
0.0330715
2.001933
-0.2078147
-0.03138542
1.912174
-0.4103289
0.1356975
1.252116
-0.1621739
1.545156
-0.08412583
1.983891
-0.1644452
-0.09328693
1.916878
-0.3645975
-0.02099844
1.762888
-0.4188825
0.68013
0.5764019
0.3926404
0.7199114
0.2567499
0.9120663
0.06925618
1.394144
-0.279309
1.468673
-0.06269397
1.933713
-0.3634536
0.01774322
1.692423
-0.392161
0.8249819
0.7781277
0.4228394
1.009143
0.2094269
1.143948
0.01244964
1.714853
-0.4037544
0.7732664
0.7069584
0.3953567
0.9397838
0.1250483
1.161948
-0.01767868
1.844799
-0.2195311
0.4349073
0.4197294
0.3788794
0.4610047
0.4329174
0.5724433
0.4595206
0.6512212
0.3199775
0.6858117
0.2170049
0.8930657
0.1069635
1.411356
-0.2954392
1.703268
-0.5185094
0.892127
0.3569619
1.042738
0.2990713
0.9887547
1.38578
0.3573253
1.144883
1.482242
1.16932
1.071765
0.3782339
0.02531375
0.5059353
0.7196703
0.5425195
0.4987993
0.5874901
0.3515316
0.5519592
0.3734898
0.7384464
0.2714657
0.9734253
0.06003682
1.440823
-0.3287452
1.445209
-0.1267948
1.858671
-0.4781921
0.2540419
0.7619223
0.1755808
1.201009
-0.1545043
1.628666
-0.4153915
1.638699
-0.2196019
0.299946
0.6641269
0.4419636
0.5001744
0.5214483
0.5544586
0.4795189
0.490497
0.3887226
0.4633013
0.4117847
0.5662156
0.4398129
0.6802513
0.3042961
0.7674926
0.1760494
1.043522
-0.004375077
1.554432
-0.3151167
1.753448
-0.3327874
0.2655694
0.7346693
0.1823706
1.027383
0.04527678
1.496274
-0.1296032
1.910451
-0.3424455
0.03638755
1.619204
-0.4105227
1.043368
0.5933103
1.215758
0.5212312
0.2168884
0.681527
0.6820667
0.3406246
0.8508709
0.8279429
0.3621317
0.8804193
0.6519139
0.5509988
0.8819391
0.1955077
0.8714771
1.165819
0.07677921
1.345234
1.039353
1.921363
0.8314178
0.6496451
1.62786
-0.3900937
0.4504839
0.3816954
0.4227912
0.4250588
0.5037405
0.4955842
0.5844337
0.4475375
0.5607326
0.3370626
0.5534875
0.3231813
0.7386058
0.2549448
1.061727
-0.03175289
1.570963
-0.4630109
1.501609
-0.3133428
0.9288765
1.043107
0.4324973
0.994826
1.14025
0.6651718
0.943525
0.6149605
0.6769632
0.8360394
0.2293204
0.8168391
0.887013
0.2483663
1.258556
0.1179764
1.732609
-0.4694458
0.6005113
0.3765145
0.5330425
0.4021547
0.6843088
0.3238762
0.8490028
0.1330151
1.172552
-0.1516246
1.702939
-0.5579614
1.212372
-0.109732
1.366736
0.813564
2.039255
0.5640555
0.386746
1.882233
-0.8041604
-0.4642645
2.024709
1.213409
0.6968305
1.695855
-0.4158494
0.5350189
0.394032
0.451594
0.4212843
0.5465828
0.462872
0.6409503
0.3524714
0.6790333
0.2356815
0.8254994
0.1401406
1.317955
-0.2498586
1.661634
-0.5084762
1.333856
-0.2124602
1.297309
0.9939689
1.782136
0.5991905
0.2536126
1.438074
0.9183875
2.101137
0.3150948
0.3668489
2.102553
-0.2991143
-0.2023501
1.898053
0.9212962
1.013357
1.332869
-0.455496
-0.3370106
1.678926
-0.4845833
0.8738837
0.4657906
0.9026794
0.4759883
0.7291522
1.015739
-0.02069208
1.583008
-0.4598192
1.499434
-0.3169735
0.9466936
1.041861
0.494032
0.9475072
1.047574
0.5845065
0.7868033
0.936719
0.2915354
0.7566007
1.392955
-0.3574575
1.702695
-0.3831028
0.5169935
0.3947775
0.4247098
0.4343432
0.5065803
0.5050233
0.5738162
0.4528557
0.5349482
0.3515753
0.5259194
0.3530033
0.6853528
0.310386
0.9372131
0.06259338
1.349821
-0.2748897
1.816956
-0.4356305
0.4861049
0.3598108
0.4677307
0.3921366
0.5834973
0.4161745
0.7331695
0.2555416
0.8825779
0.1156964
1.30477
-0.150837
1.431069
0.4773069
2.13991
0.2971205
0.1605969
1.922941
-0.3054597
-0.3022806
1.859158
0.6839649
0.3708901
1.543731
0.3547934
1.692963
-0.4114207
0.6999551
0.6006989
0.3960674
0.7608018
0.2202665
0.9564392
0.05241341
1.497803
-0.2743148
1.201521
0.8656079
1.52673
0.6391474
-0.1054407
0.713242
1.082573
-0.09507524
1.721393
-0.5338933
0.9937312
0.2068304
1.303307
-0.1234465
1.297836
1.170668
1.701769
0.7845659
0.5089722
1.137703
0.9995391
1.282726
0.183971
-0.1312572
0.8270921
1.289216
-0.1712583
1.549098
-0.1315465
1.859786
-0.4325172
0.05344175
1.483963
-0.3288843
1.31579
0.2729616
1.940967
-0.02654546
-0.009424477
1.787717
-0.5954228
0.5142403
0.3115439
0.6045886
0.3280166
0.8659428
0.1507443
1.217538
-0.04042129
1.846889
-0.3485799
0.4415631
0.3829069
0.4220347
0.4261665
0.5025283
0.497537
0.5814285
0.4514722
0.554283
0.3424753
0.5432656
0.3315544
0.7170936
0.2749521
1.017683
-0.0002010909
1.498968
-0.3995163
1.657498
-0.3612895
0.611644
0.5094235
0.376731
0.601583
0.3609445
0.7823005
0.1964391
1.058185
-0.03012803
1.668135
-0.4281732
0.9860639
0.58629
1.032775
0.5943148
0.3575874
0.9142926
0.3417824
0.6898745
1.34445
-0.339925
1.840332
-0.2085871
0.2617046
0.8578219
0.1189237
1.26738
-0.1416151
1.490843
0.2000148
2.117761
0.01935868
-0.03851262
1.922187
-0.01185984
-0.1466279
1.820511
-0.1508156
-0.2642895
1.760277
-0.303256
0.03603477
1.444578
-0.3245695
1.777278
-0.3738183
0.4170929
0.4059242
0.3963133
0.4560759
0.46167
0.5560773
0.4936835
0.5823558
0.3798379
0.5489986
0.3075771
0.641969
0.2955502
0.9349803
0.07756036
1.354539
-0.1594419
1.924276
-0.2899033
0.2166837
1.046973
-0.04099038
1.582616
-0.4509281
1.568019
-0.2881649
0.6431764
0.6529895
0.2451227
0.9094449
0.08314153
1.407543
-0.2957958
1.75033
-0.4876534
0.6564332
0.405622
0.5611429
0.4432002
0.6831712
0.310646
0.7672042
0.1864148
1.014597
0.02028848
1.53019
-0.3054153
1.761883
-0.3630491
0.3112912
0.60248
0.2558961
0.7697595
0.2107073
1.201755
-0.1474479
1.644334
-0.47293
1.546652
-0.1997623
0.4731471
0.5396969
0.3796594
0.4709968
0.408163
0.5839669
0.4258906
0.7081685
0.2697574
0.825912
0.1339129
1.204137
-0.1029369
1.536046
0.005267794
2.033229
-0.1368609
-0.1120969
1.940366
-0.1486213
-0.1693409
1.868631
-0.28918
-0.08356497
1.809021
-0.5239061
0.6040652
0.3527983
0.5582234
0.3802335
0.7483076
0.2630653
0.9740882
0.07144905
1.444525
-0.2995529
1.363296
0.2415815
2.006033
-0.03299247
-0.03788836
1.88135
-0.4881935
-0.07983884
1.840646
-0.2980068
0.5154005
0.4226849
0.4008032
0.4546548
0.4648038
0.550868
0.4991808
0.571409
0.3920222
0.5310998
0.3226432
0.6104718
0.3215912
0.8647069
0.1435951
1.231367
-0.08401535
1.85299
-0.3922921
0.4631828
0.3691905
0.4459694
0.4047377
0.5430984
0.4521345
0.6618386
0.3440971
0.7262103
0.2168076
0.8943816
0.08905757
1.426802
-0.3290673
1.653887
-0.4922952
1.031514
0.2986052
1.414651
0.1149418
0.7027986
1.193193
-0.2154182
1.907406
-0.2842215
0.3671258
0.5104975
0.3334401
0.6236553
0.3343672
0.8750256
0.1289255
1.22588
-0.07838048
1.872889
-0.3322072
0.4063392
0.4126769
0.3987166
0.4715816
0.4658613
0.5759611
0.4731198
0.5978732
0.3448961
0.5820761
0.2797274
0.7391507
0.2283424
1.128703
-0.09409512
1.608177
-0.438351
1.634317
-0.1903905
0.3188401
0.633543
0.480312
0.4184766
0.5765329
0.4246413
0.683031
0.2850775
0.7945606
0.1427647
1.154511
-0.09539369
1.597664
-0.3003692
1.768927
-0.2760739
0.1189498
1.2218
-0.114537
1.871902
-0.3572395
0.4373963
0.3795058
0.4296572
0.4239442
0.516418
0.4882819
0.6007474
0.4199937
0.5911739
0.3072956
0.6146191
0.2811475
0.877227
0.1314697
1.307704
-0.1695608
1.837877
-0.4874769
0.516079
0.349204
0.4989209
0.3776204
0.6443226
0.3624109
0.8381283
0.1463203
1.12051
-0.08196805
1.784299
-0.4102349
0.6893539
0.6244808
0.3487938
0.8153295
0.1602003
1.124061
-0.08897138
1.764167
-0.4655168
0.7803205
0.5645672
0.5433929
0.7328043
0.3416897
0.6801513
0.5939741
0.3114131
0.8429593
0.1694406
1.217111
-0.08672624
1.807204
-0.4732037
0.6255815
0.4372188
0.4772928
0.4918888
0.5402472
0.4925662
0.5189674
0.4088622
0.4867839
0.3846377
0.573158
0.3947619
0.7315313
0.2569848
0.9251221
0.07640872
1.397318
-0.2616281
1.421152
0.166859
2.041547
-0.1018308
-0.07011327
1.940342
-0.2666693
-0.1814196
1.931333
-0.173785
-0.01210969
1.790802
-0.5534811
0.6014077
0.3113929
0.6211434
0.3241495
0.8956121
0.1199782
1.26138
-0.05907491
1.90336
-0.2864209
0.3021556
0.703887
0.1986298
1.016284
-0.001366991
1.547811
-0.3778798
1.680458
-0.3376417
0.4618016
0.4145955
0.3801597
0.4512045
0.4322394
0.5554755
0.4723994
0.63257
0.3508147
0.6481153
0.248784
0.7827953
0.1797893
1.236941
-0.1830761
1.65345
-0.4803213
1.502063
-0.2282826
0.6299718
0.7138871
0.1734146
1.067698
-0.002084038
1.534377
-0.1785163
1.8921
-0.2890362
0.01324436
1.66867
-0.4825763
1.0062
0.3589069
1.289195
0.2161169
0.7387144
1.365609
-0.3352713
1.722836
-0.407407
0.5132007
0.3771254
0.4482605
0.4137768
0.5478183
0.4586183
0.6539371
0.3444599
0.7032949
0.2251842
0.8623747
0.1162157
1.377058
-0.2915853
1.66789
-0.5174741
1.143792
0.03102243
1.628346
-0.4647273
1.112252
0.2505321
1.585208
-0.03802858
0.5406093
0.658298
0.2910832
0.7372146
0.273996
1.098028
-0.05005087
1.552799
-0.3922424
1.728351
-0.1939234
0.2332376
0.8630701
0.2844142
1.076519
0.1919496
1.175296
1.287525
1.199718
0.9644812
0.04419206
0.1000353
0.7602129
1.445986
-0.3510216
1.553427
-0.3967217
0.975356
0.7460989
0.9192917
0.6647143
0.264746
0.7120883
0.6272907
0.3863303
0.9082753
0.6333807
0.6069523
0.4897486
0.5062017
0.4602524
0.3523808
0.4986418
0.3954907
0.6469539
0.3729129
0.8100736
0.167897
1.047211
-0.04942686
1.695968
-0.4292088
0.9246576
0.6453496
0.7989625
0.7551336
0.2990228
0.797321
1.099263
0.02729902
1.478499
0.1887775
2.076863
-0.0978281
-0.105695
1.938436
0.01077857
-0.1513665
1.785918
-0.3019667
-0.2451485
1.831968
-0.3862083
0.2769559
0.6990294
0.1931767
1.038623
-0.003366184
1.541749
-0.3022236
1.784739
-0.3074189
0.2069731
0.9394863
0.04721426
1.499658
-0.2669178
1.19363
0.9154452
1.471122
0.6782646
-0.1170815
0.5780881
0.7567395
0.1924551
1.070543
0.08388959
1.410284
0.4227502
2.066377
0.1129188
-0.01975523
1.861825
-0.2779389
-0.332202
1.823242
0.2701717
-0.07464948
1.515893
0.01511942
1.65433
-0.3578047
1.231168
0.3406425
1.753384
-0.02635657
0.1107002
1.275861
0.4101595
1.892757
0.1919722
-0.002640803
1.636705
-0.320953
1.239373
0.4789796
1.754506
0.1932649
-0.01819454
1.404895
0.8164531
2.097592
0.6264555
0.5143087
1.981275
-0.7909248
-0.5855849
1.722674
1.356166
1.192215
0.8203396
-0.001000071
0.2256864
0.7122639
1.357093
-0.297652
1.652289
-0.4886069
0.9782828
0.381099
1.246545
0.2799947
0.7151711
1.334478
-0.3008158
1.722051
-0.4836778
0.6798932
0.4135511
0.5889898
0.4501122
0.7017176
0.2816641
0.7669814
0.1844675
1.040063
0.03588833
1.497515
-0.100178
1.939108
-0.3018795
-0.01463527
1.791463
-0.4523747
0.5885495
0.4143087
0.4725559
0.4491505
0.5617134
0.4605773
0.6131077
0.3429391
0.6370578
0.247896
0.8232889
0.1497524
1.297339
-0.2300507
1.6924
-0.5446927
1.216668
-0.11222
1.440829
0.3917644
2.197202
0.37659
0.2609643
1.977082
-0.2439532
-0.1730975
1.951878
0.6791468
0.5525857
1.763436
-0.6614349
0.02621023
1.580098
-0.1300218
0.9323275
1.518351
-0.1187537
0.9382299
1.533533
-0.1165592
0.9108283
1.501914
-0.1672393
1.008573
1.49918
0.1889868
0.7986311
1.230924
-0.1708147
1.685826
-0.5170538
1.164741
-0.005729774
1.619076
-0.4889019
1.322622
-0.1988281
1.507804
0.04303572
2.116839
0.1261717
0.03286573
1.909597
-0.2665962
-0.3158376
1.83363
0.4143932
0.02100901
1.50816
0.2026461
1.717678
-0.5030823
0.7167761
0.406176
0.6504694
0.4411116
0.7779834
0.2270615
0.843185
0.1389701
1.25081
-0.05689918
1.389135
0.8556107
2.067524
0.6727131
0.5402669
1.934647
-0.8512372
-0.5611665
1.867924
1.391259
0.9631219
1.361701
-0.3262539
0.0341727
1.227894
0.9568015
1.57519
0.6191132
-0.01428917
0.9065229
1.57965
-0.2586554
1.008402
1.244957
0.4718763
0.9375053
1.169222
0.5293117
0.8821389
1.045665
0.451183
0.7132715
1.24106
-0.1517964
1.551358
-0.1006426
1.967
-0.1876087
-0.09257324
1.907847
-0.3995745
0.0626615
1.512961
-0.323597
1.214618
0.6180939
1.687625
0.4169545
-0.05691868
1.160893
1.623787
0.8051747
0.7795419
0.4370148
0.6643452
0.4509274
0.5369056
0.9030625
0.2674246
0.8365336
0.7585109
0.4065837
1.101527
0.03972921
1.319992
0.3709012
2.014482
0.2382691
0.04437851
1.77847
-0.6232477
-0.1109312
1.873349
-0.1927772
0.4827852
0.3923046
0.4051709
0.4371419
0.4738331
0.5237261
0.5338485
0.5263301
0.4617489
0.4486512
0.4002898
0.4677079
0.4514096
0.5689173
0.4676078
0.6158797
0.3402357
0.6235435
0.253326
0.796138
0.1762923
1.249595
-0.1910024
1.677418
-0.5258139
1.362478
-0.2011289
1.029686
1.434179
0.3502469
0.7600786
0.9823098
0.0520355
1.439624
-0.1687066
1.922615
-0.2764112
0.1091581
1.45435
-0.3372491
1.395353
0.03186646
1.98583
-0.221082
0.009033787
1.836638
-0.4681791
0.394178
0.4131417
0.4242141
0.484684
0.5013938
0.5636866
0.4850935
0.5271218
0.381262
0.4866272
0.3711694
0.5955265
0.3814807
0.7818836
0.2097003
1.017777
0.03165483
1.590797
-0.314275
1.025557
1.024926
0.7656121
0.8928573
0.3636427
0.5152672
1.179557
-0.03743852
1.537396
-0.2693145
1.867433
-0.1638814
0.04604232
1.586434
-0.441322
1.416301
-0.2820197
1.456643
0.04537323
2.073362
-0.004647658
-0.01772962
1.930559
-0.3264482
-0.2664908
1.930207
0.1680239
-0.02293649
1.703963
-0.5400408
0.5671605
0.2958634
0.6308177
0.3045421
0.9272525
0.09319193
1.324967
-0.0926468
1.939992
-0.2599978
0.1993089
1.171735
-0.1277278
1.609498
-0.3765054
1.723145
-0.1698512
0.1363495
1.142619
0.2362002
1.726255
0.04974883
0.3052107
0.8054306
0.6776644
0.404243
1.016125
0.04887421
1.236211
0.5832563
1.797671
0.3718447
-0.03043348
1.397775
0.8119801
2.042091
0.4619805
0.3169204
1.911274
-0.7337777
-0.5132717
1.898063
1.243479
0.7386441
1.439726
-0.0650439
0.9778132
1.632631
-0.08213712
0.7626755
1.191617
-0.1432778
1.618452
-0.3796408
1.688671
-0.2284731
0.2171202
0.8779598
0.3133646
1.083844
0.2327118
1.083729
1.447536
0.705271
1.014796
0.1699285
0.7532172
1.500825
-0.4287264
1.551814
-0.2994541
0.623994
0.5957941
0.2764436
0.7953248
0.1888438
1.215165
-0.1559574
1.706116
-0.5635924
1.198798
-0.09788085
1.36042
0.8275074
2.020376
0.5669995
0.3750589
1.853797
-0.7927892
-0.365655
2.114904
0.9473296
0.5589887
1.826351
-0.8106046
-0.3566191
2.128668
0.9581495
0.5819794
1.852533
-0.8449417
-0.4603833
2.048674
1.245807
0.7408963
1.749475
-0.5958538
0.1874535
1.009023
0.06494805
1.478677
-0.11912
1.906874
-0.3717885
0.0683645
1.506145
-0.3391143
1.253914
0.4386719
1.835294
0.2098301
-0.005323519
1.535318
0.1516906
1.918182
-0.5757697
-0.1585836
2.00007
0.04576039
0.2903531
1.419039
-0.2752602
1.308231
0.6866796
1.934456
0.4568619
0.1113422
1.640197
-0.3910433
0.696721
0.6085083
0.3859084
0.7693047
0.2064881
0.9859783
0.01919336
1.569845
-0.3349503
1.115706
0.7852476
1.288783
0.6476709
-0.1204443
0.3094524
0.716613
1.290384
-0.2954901
1.872671
-0.262029
0.301144
0.7063921
0.1933378
0.9936782
0.02658043
1.524642
-0.3449026
1.709317
-0.3837411
0.476158
0.3858318
0.4169898
0.4279294
0.4934368
0.5036223
0.5685318
0.4725855
0.5300365
0.3686399
0.5004743
0.3647948
0.6280009
0.3574008
0.8373989
0.1507212
1.137105
-0.06611882
1.794603
-0.3788588
0.6325624
0.5805449
0.3390465
0.7055336
0.2406112
0.9890588
0.000982218
1.521771
-0.4227088
1.569766
-0.3743601
0.8915722
0.8220904
0.5741131
0.8962391
0.4364212
0.7021346
0.5804843
0.2962986
0.789978
0.2044604
1.17597
-0.1138473
1.706266
-0.5587502
1.133096
-0.02881585
1.460589
-0.05320809
2.066505
0.06774055
0.03133864
1.903672
-0.4889078
-0.2682498
2.012566
0.2596692
0.1425327
1.76922
-0.6188483
0.3202157
0.6328127
0.3288396
0.9055423
0.1056945
1.269504
-0.07550658
1.920032
-0.2582437
0.2755848
0.8451467
0.1039557
1.294044
-0.2428019
1.672271
-0.5202268
1.266884
-0.1541378
1.458263
0.3346386
2.204051
0.3493253
0.2417847
1.977141
-0.1884668
-0.1199633
1.980338
0.5544768
0.4287313
1.852641
-0.7847756
-0.2791394
2.128881
0.6702512
0.4638915
1.878539
-0.8339433
-0.4653024
2.037048
1.247057
0.7375234
1.727909
-0.5392902
0.3020743
0.6224235
0.297234
0.9044193
0.1112179
1.31288
-0.1247205
1.899645
-0.3600454
0.3046727
0.6398235
0.2478315
0.9131758
0.09446697
1.395682
-0.2517616
1.802487
-0.4740393
0.5080701
0.3462526
0.4994961
0.375829
0.6464416
0.3602242
0.8439538
0.1416903
1.132862
-0.09040388
1.797295
-0.4112585
0.6591722
0.580933
0.3608777
0.7247633
0.2385638
0.9790614
0.008900452
1.524278
-0.4151906
1.414893
-0.2541077
1.575861
-0.3284264
1.693423
-0.3859642
0.4270994
0.4134646
0.3846758
0.4591063
0.4423369
0.5671048
0.4708725
0.6285766
0.3396538
0.6379381
0.2466041
0.7977427
0.1744064
1.25979
-0.1988958
1.669725
-0.5128421
1.398435
-0.2187025
0.9477639
1.328621
0.1551408
0.9959773
1.699724
0.05686488
0.8517236
1.325278
-0.1451063
1.407363
0.5913311
2.105886
0.3889218
0.2181136
1.904613
-0.5314743
-0.4675808
1.801799
1.042931
0.6367573
1.245994
0.4770612
1.284312
0.4388926
1.459737
-0.162438
1.135927
1.458347
0.8046667
0.7290053
0.2236741
0.7309755
0.5313167
0.4076651
0.9888329
0.3313607
0.9034667
0.7734176
0.5096346
1.085002
0.09438668
1.118769
1.301966
0.8841614
0.8303901
0.05566161
0.4160881
0.5301075
0.7267597
0.3753279
0.6794987
1.088953
-0.1027154
1.750417
-0.507993
0.8668987
0.418627
0.8688876
0.4323391
0.8529782
0.8161096
0.318136
1.154323
0.07819982
1.53173
-0.4009577
1.482851
-0.3394231
1.45255
-0.1441257
1.891
-0.3897747
0.1492008
1.192693
-0.1430972
1.623129
-0.3873858
1.660026
-0.2596314
0.2959163
0.6642995
0.3555675
0.6178117
0.3836742
0.833555
0.1695679
1.080385
0.0466779
1.700318
-0.2209048
0.6822898
0.8651916
0.1059588
1.28925
-0.2330378
1.783918
-0.539617
0.7348036
0.3705407
0.6903673
0.4011909
0.8869364
0.1549202
1.073147
-0.005882814
1.730181
-0.2758651
0.7007435
0.8600272
0.1326826
1.242916
-0.1427255
1.843695
-0.4535035
0.5309453
0.3777715
0.4697069
0.4038287
0.5819196
0.4241124
0.7127039
0.2688683
0.8374233
0.1314548
1.219771
-0.110871
1.523068
0.06999272
2.069439
-0.08623635
-0.09728133
1.934847
-0.05712803
-0.1857037
1.804115
-0.2182467
-0.2159764
1.792805
-0.4821661
0.3922486
0.4252394
0.4167178
0.5038646
0.4838034
0.5964635
0.4359644
0.593189
0.315733
0.6011801
0.2811317
0.8372194
0.1635267
1.260439
-0.1634445
1.778234
-0.5602112
0.8090462
0.3159005
0.866074
0.2679693
1.150323
0.2682168
1.562546
-0.1853721
0.6329537
0.7781777
0.1342639
1.194595
-0.1024404
1.551125
-0.07208803
1.981502
-0.1896011
-0.1073187
1.926668
-0.3200626
-0.02458802
1.790354
-0.4493786
0.605072
0.4365824
0.4624036
0.4808336
0.5255505
0.5066703
0.5212456
0.4374924
0.4765421
0.3949947
0.5266693
0.4193526
0.6541576
0.3491989
0.7784955
0.1768668
1.024584
-0.04211759
1.631287
-0.5028701
1.278907
-0.1565422
1.51167
0.05725317
2.132765
0.1685579
0.06279349
1.911943
-0.2596433
-0.3062378
1.835796
0.4699289
0.08694526
1.52129
0.2753346
1.759136
-0.6005141
0.374805
0.4943088
0.4260736
0.6281407
0.4022648
0.731276
0.2276639
0.8624683
0.07540735
1.380037
-0.2557032
1.456605
0.05033695
2.00842
-0.2277502
-0.07727906
1.95487
-0.288079
0.008371934
1.771691
-0.4472347
0.6220346
0.4497345
0.4658573
0.5014418
0.5120179
0.5219389
0.4756978
0.4728245
0.419284
0.4743626
0.4445846
0.5582304
0.4550662
0.6175099
0.341567
0.6551046
0.2376359
0.8546302
0.1210759
1.354091
-0.2750064
1.687658
-0.5344516
1.10419
0.05326983
1.561499
-0.4249218
1.267301
0.05668653
1.836325
-0.3714177
0.3433604
0.5185461
0.3201266
0.647201
0.3158151
0.929212
0.07977577
1.321596
-0.1381339
1.935777
-0.2570741
0.2279188
1.055251
-0.0437368
1.573552
-0.4328224
1.623193
-0.2674941
0.4792322
0.4687366
0.350364
0.4828751
0.3860241
0.6149311
0.3910235
0.7844879
0.1978923
0.995529
0.02723835
1.584897
-0.2981574
1.031573
1.081882
0.7310225
0.9023874
0.4536597
0.5571996
1.18739
-0.09004895
1.570395
-0.3120868
1.838311
-0.09172392
0.02656584
1.582155
-0.3522689
1.614543
-0.4150062
0.7494501
0.5742009
0.5193041
0.6908516
0.3386858
0.6529459
0.3757966
0.5483382
0.4278627
0.7076899
0.3099347
0.8301881
0.1755818
1.095817
-0.03597427
1.553036
-0.2076714
1.882203
-0.2414044
0.0003039668
1.690085
-0.5206302
1.009017
0.2303344
1.373475
-0.03135585
1.008037
1.683958
-0.008976079
0.6920569
0.8955607
0.04125865
1.494152
-0.3506073
1.334954
0.1205289
1.924164
-0.2655112
0.06696322
1.590943
-0.4274658
1.138793
0.3554956
1.618864
0.1419365
0.2630555
0.8177514
1.22705
-0.1313829
1.591101
-0.241822
1.763519
-0.4107793
0.2090888
0.9076892
0.04098031
1.476854
-0.3263204
1.341844
0.1869591
1.950627
-0.1670091
-0.003857656
1.809354
-0.5444175
0.5054965
0.322404
0.5507279
0.3508354
0.7566857
0.2593343
1.036143
0.0209647
1.540993
-0.4128701
1.332704
-0.07982297
1.787777
-0.5650741
0.6788818
0.3139497
0.6948699
0.3168631
1.003832
0.02293236
1.404816
-0.2199011
1.939028
-0.1601368
0.1426187
1.474258
-0.3564199
1.408632
-0.05558206
1.954624
-0.2912402
0.06468551
1.631722
-0.4057363
0.9615684
0.7123182
0.8731042
0.7368679
0.2471458
0.7414599
0.8396179
0.2978774
0.7274911
1.31193
-0.3105617
1.838329
-0.3041944
0.3297193
0.5779119
0.2744008
0.729755
0.2388281
1.119285
-0.08366735
1.583936
-0.3859396
1.734864
-0.1511276
0.1523634
1.116343
0.2525104
1.659363
0.05830799
0.3816449
0.6222583
0.6965329
0.1895017
1.011331
0.0321147
1.51422
-0.2593458
1.810395
-0.3658303
0.2273687
0.8638637
0.07380853
1.385188
-0.2650954
1.461842
0.003245154
1.981385
-0.2827674
-0.0532681
1.909774
-0.3626537
0.2173002
0.9627941
0.02208801
1.513441
-0.4068113
1.58574
-0.397523
0.9124405
0.7504114
0.7156017
0.7827225
0.3350534
0.7023764
1.221006
-0.2393688
1.909852
-0.2615027
0.3331907
0.6272793
0.2533909
0.8376347
0.145383
1.306868
-0.2295061
1.723567
-0.5639538
1.039572
0.08271036
1.428976
-0.3421725
1.570652
-0.4199946
1.397612
-0.223638
1.659469
-0.4940496
1.305143
-0.1823477
1.481801
0.1930565
2.17789
0.2493606
0.141502
1.940802
-0.1846607
-0.1894217
1.90868
0.4442453
0.2012846
1.722061
-0.5468354
0.3964263
0.4306448
0.4460762
0.5171269
0.5121817
0.5665771
0.444738
0.5170673
0.3538498
0.523434
0.36784
0.6843884
0.3197356
0.9102494
0.08562169
1.293768
-0.2440708
1.800212
-0.5109424
0.6435056
0.3906121
0.5500613
0.4326876
0.6911887
0.3154997
0.7999063
0.1762832
1.058546
-0.02190356
1.567717
-0.3346764
1.735977
-0.3093921
0.265276
0.7377216
0.2029159
0.9838077
0.09540715
1.440655
-0.07118653
1.918985
-0.3901917
0.0859905
1.452646
-0.2879506
1.30752
0.498422
1.937098
0.2839582
0.006198269
1.662265
-0.4895955
0.5829675
0.3315535
0.5769133
0.3498113
0.7988645
0.2131426
1.096078
0.002140031
1.671639
-0.4038875
0.915514
0.746423
0.6853661
0.8710039
0.249326
0.7610682
1.428682
-0.3829085
1.661722
-0.3619168
0.5559443
0.4395427
0.3963454
0.4929361
0.4521045
0.6073908
0.426613
0.6598901
0.2789382
0.7152467
0.1824573
1.062649
-0.02527713
1.564196
-0.3221614
1.759645
-0.2914729
0.2097097
0.9211388
0.09072581
1.429734
-0.1643545
1.202765
1.302117
1.25264
0.8156382
0.1791833
0.3161164
0.7891562
0.9048759
0.2407225
0.9461662
1.048575
0.4129594
1.216617
0.8230443
1.494784
0.0802389
-0.1935889
1.183568
1.346678
1.111921
0.671654
0.176741
0.4719274
0.7185115
0.421243
0.6031383
1.037715
0.02577254
1.526874
-0.4104486
1.381777
-0.1795324
1.711901
-0.5513828
1.06096
0.07977692
1.491204
-0.3688534
1.365867
-0.003587409
1.922636
-0.3592329
0.1332802
1.306848
-0.2114426
1.519324
-0.0513281
2.007057
-0.1489252
-0.08154261
1.931001
-0.3316631
-0.07990212
1.883474
-0.3860327
0.3380321
0.5287724
0.3257907
0.6844957
0.2978843
0.9788308
0.03045168
1.414623
-0.2781206
1.865696
-0.2762789
0.2455125
0.8839822
0.06918737
1.38757
-0.2842668
1.498642
-0.1712965
1.843664
-0.4424138
0.197485
0.9633433
0.01496555
1.540878
-0.4337902
1.487795
-0.3494065
1.217653
0.6034388
1.740796
0.386943
-0.04873678
1.284362
1.325673
1.624182
0.9940263
0.7969693
0.6837536
0.3698174
0.3924995
0.7871532
0.3572946
0.5680064
1.156681
-0.06428656
1.542105
-0.2805859
1.884004
-0.07350903
0.02257409
1.667752
-0.4899736
1.219498
-0.04228214
1.667369
-0.524577
1.240046
-0.1261866
1.510717
0.03796893
2.127975
0.1743668
0.06512839
1.908072
-0.2962763
-0.3319685
1.83365
0.5287836
0.1166927
1.484016
0.5626058
1.965265
-0.5020668
-0.4068595
1.891087
0.9142394
0.4577101
1.472674
0.7004666
1.925296
-0.6065747
-0.4915902
1.826658
1.12904
0.6923244
1.281887
0.2296288
1.116128
1.613099
0.8094038
1.002794
0.1289157
0.5413829
0.8161665
0.3119176
0.7177159
1.266063
-0.2697947
1.881165
-0.2999124
0.3385187
0.5679635
0.2876212
0.7285371
0.2432037
1.100875
-0.07027887
1.581439
-0.4135056
1.686359
-0.189963
0.2599955
0.7705037
0.4001755
0.7302094
0.4358578
0.8504708
0.2855536
0.8263053
0.1224849
1.218128
-0.1602966
1.622477
-0.3791176
1.646122
-0.3036356
0.375382
0.509182
0.3507035
0.4889594
0.3840512
0.6261768
0.3810796
0.8028001
0.1789342
1.037776
-0.01084426
1.668952
-0.3463569
0.8954021
0.9619147
0.3930192
1.115043
0.7602072
1.188285
0.3483452
0.1354979
0.6247985
0.7897156
0.2759262
0.7702606
1.297957
-0.2456447
1.694126
-0.5242169
0.9125699
0.3237093
1.131554
0.2304936
1.015266
1.589911
0.295367
0.9841836
1.279449
0.3954147
1.190037
1.340015
1.452521
0.9490276
0.5479773
0.402574
0.7783521
0.4990115
0.5404783
0.9918215
0.2037563
1.434965
0.008796506
0.8937251
1.571503
-0.2823859
1.071129
1.089615
0.8758045
0.8637304
0.1110482
0.3086908
0.706685
0.9731741
0.125878
1.040366
1.264643
0.5793963
0.9276906
0.8058623
0.6462251
0.3941389
0.8315924
0.833797
0.2481795
1.26803
-0.0909388
1.677388
-0.5224079
1.30501
-0.1870513
1.303576
1.046736
1.775282
0.6272192
0.3279801
1.427197
0.8531148
2.025468
0.02621263
0.01062859
1.970732
0.09892243
0.00569812
1.901029
-0.2515053
-0.3095619
1.830636
0.3210838
-0.04608622
1.524823
-0.02081192
1.533445
0.1343818
1.883526
-0.6144194
-0.06187766
1.815261
-0.1483266
0.5650328
0.500514
0.3313389
0.5870195
0.3499845
0.817001
0.1946789
1.119895
-0.0001714811
1.7192
-0.3748119
0.7613057
0.7757712
0.2984506
1.061574
0.07431987
1.47952
-0.3741219
1.448215
-0.232844
1.733717
-0.5358198
0.7558158
0.3478324
0.7872983
0.3441515
1.020897
0.2006932
1.283533
-0.1993505
1.517657
-0.005246344
2.081398
0.05332512
-0.01501569
1.905598
-0.2969077
-0.30927
1.867398
0.2704725
-0.04770594
1.575813
-0.2312783
1.251459
0.8684048
1.680149
0.6424266
0.0322762
1.081695
1.756308
0.3115334
0.689941
0.3700338
0.5709381
0.5005472
0.3545382
0.5694349
0.3667019
0.763515
0.239531
1.020952
0.02925521
1.553863
-0.3721086
1.199354
0.4199643
1.708892
0.1777441
0.07218688
1.246397
1.263979
1.472827
0.8753591
0.3968724
0.5441737
0.9852714
0.1707807
1.119413
0.1459438
1.69972
-0.1037498
0.5051476
0.5073387
0.3373457
0.51498
0.3671812
0.6795351
0.3302964
0.9035683
0.09386891
1.265012
-0.2143152
1.830239
-0.4827813
0.5696239
0.3827184
0.4900232
0.4133309
0.6131878
0.4023167
0.7364014
0.227252
0.8934293
0.06419539
1.416577
-0.2625518
1.381947
0.3027173
2.034556
0.03380972
-0.04340761
1.873726
-0.3989056
-0.2674541
1.948338
0.05763622
0.05514488
1.739033
-0.5611503
0.7630356
0.2967689
0.8641728
0.2584824
1.184944
0.1776846
1.647789
-0.3379613
0.6726346
0.6522743
0.299694
0.8649061
0.1049129
1.282569
-0.2316316
1.780703
-0.5440723
0.7545133
0.3614225
0.7309804
0.3806303
0.9437975
0.1560312
1.159062
-0.1137218
1.781865
-0.4959514
0.7570786
0.4815244
0.5899355
0.5944288
0.5483642
0.4481524
0.4531878
0.3636184
0.456166
0.3999444
0.5625572
0.4365344
0.6938141
0.3018373
0.7940414
0.1729349
1.072212
-0.01742034
1.55191
-0.2435725
1.837414
-0.2914689
0.07968118
1.415411
-0.3315171
1.645614
-0.4893503
1.073713
0.243613
1.531294
-0.003142121
0.6438456
0.9324465
0.02036765
1.596725
-0.2045648
0.9447187
1.39518
0.06479406
0.9955899
1.712362
-0.0430128
0.7522657
1.099295
-0.07468052
1.613042
-0.4317483
1.604826
-0.2562207
0.4500364
0.4804696
0.3659439
0.4583222
0.3954272
0.5643225
0.4303332
0.703035
0.293446
0.8181374
0.1599421
1.127094
-0.0532155
1.554594
-0.1502259
1.926041
-0.2234626
-0.0601762
1.843962
-0.5104484
0.4069737
0.3972062
0.4528148
0.4625943
0.5508023
0.4995188
0.5748829
0.3914056
0.5348961
0.3194921
0.6122337
0.318061
0.8708456
0.1385982
1.244176
-0.09008341
1.862723
-0.3877437
0.434241
0.3770451
0.4356751
0.4216683
0.527307
0.4799281
0.6169539
0.3949633
0.6233921
0.2808687
0.6816446
0.2360232
1.029695
-0.004864996
1.509915
-0.2798411
1.849626
-0.2267639
0.1207497
1.335087
-0.2448098
1.761899
-0.5459418
0.7901547
0.3439968
0.8219047
0.3341926
1.047654
0.2925901
1.282253
-0.1050839
1.19925
1.49957
1.055283
0.7222267
0.450142
0.4829948
0.5536261
0.4663554
0.5573008
0.6367558
0.4814279
0.6687929
0.7754602
0.1628808
1.083348
-0.04645514
1.592806
-0.3689252
1.683902
-0.2998844
0.3331627
0.5729015
0.316786
0.5830987
0.3382927
0.8221528
0.1945106
1.144513
-0.01478015
1.739947
-0.4083401
0.7371662
0.6675177
0.373837
0.8887643
0.1223113
1.159751
-0.0641247
1.846621
-0.2853777
0.4808024
0.3942411
0.4103734
0.4318083
0.4818801
0.5132238
0.5501156
0.5017688
0.4947186
0.409625
0.4449741
0.4154701
0.5249137
0.4658058
0.6241822
0.3870388
0.656551
0.2604323
0.7476853
0.180279
1.168749
-0.1263222
1.617074
-0.3902826
1.684807
-0.2098943
0.2154325
0.8841244
0.3566082
1.044535
0.299881
0.9870298
1.390198
0.3487579
1.145477
1.502645
1.155825
1.080399
0.3995034
0.01398904
0.4751021
0.6813274
0.6582631
0.4016814
0.5588023
0.5056096
0.3471613
0.5648355
0.3611416
0.7632917
0.2433196
1.029915
0.02411475
1.559138
-0.3902294
1.217279
0.2929575
1.768257
-0.02179673
0.1582195
1.19419
0.3931779
1.718675
0.1624604
0.09629333
1.238685
1.173322
1.493311
0.8460031
0.2426272
0.6176624
1.050866
-0.01720104
1.695199
-0.3368235
0.828518
0.9587716
0.2273892
1.229996
0.5573996
1.667439
0.2111294
-0.05118781
1.256285
1.414306
1.403408
0.8556058
0.6377644
0.3278638
0.8082072
0.3796975
0.5286763
1.161918
-0.03155937
1.511503
-0.2119861
1.938203
-0.09693776
0.01091308
1.773369
-0.5770481
0.6536676
0.286077
0.7175877
0.2755679
1.079331
-0.04336086
1.524526
-0.3201272
1.843949
-0.1198933
0.09031655
1.458154
-0.2538617
1.775991
-0.478889
0.4968872
0.3407381
0.5044681
0.3736442
0.6585658
0.3506642
0.8639172
0.1249616
1.175824
-0.1321913
1.827262
-0.4412591
0.6021008
0.4635762
0.4271595
0.5186091
0.4586205
0.6008429
0.3966053
0.6419224
0.2715973
0.7495329
0.1738893
1.155388
-0.1178605
1.625005
-0.418107
1.631638
-0.2307082
0.3335678
0.5973958
0.4229142
0.4525921
0.4782977
0.5292239
0.5175105
0.5269722
0.4408589
0.4673305
0.3896068
0.5088766
0.4257409
0.6359082
0.3810195
0.7431381
0.2102889
0.9163311
0.03479926
1.490521
-0.3666998
1.38644
-0.08199289
1.84232
-0.5243444
0.3902196
0.4244436
0.4370827
0.5079399
0.508376
0.5709594
0.4540588
0.5269958
0.3555311
0.5178183
0.3622616
0.6704438
0.32733
0.9007673
0.09181472
1.272566
-0.2102837
1.847043
-0.4507759
0.5058877
0.3636701
0.472999
0.3912084
0.591653
0.4091
0.7454714
0.2399662
0.9114079
0.09246514
1.384166
-0.1970193
1.341489
0.7281004
1.973753
0.5223382
0.2146958
1.714532
-0.5757999
0.2370716
0.8471586
0.1462039
1.333092
-0.2412979
1.713319
-0.5557865
1.057528
0.07465411
1.469482
-0.3692983
1.481118
-0.2945772
1.643289
-0.4868774
1.072269
0.258662
1.530251
0.03429971
0.6026777
0.8367112
0.1323552
1.307572
-0.02407097
1.26053
1.450083
1.430645
0.9452882
0.7803413
0.2329699
0.5449102
0.4146695
0.3845859
0.5606278
0.410583
0.4357013
0.5938148
0.4085679
0.5074872
0.6748904
0.3926178
0.6467646
0.9248619
0.1396318
1.038101
0.6013245
1.223407
0.5024342
0.2080684
0.6818676
0.7190895
0.3243056
0.8218157
0.9713869
0.1783214
1.271684
0.4803069
1.81083
0.1511468
-0.05072029
1.540521
0.06727648
1.899105
-0.5574768
-0.07607393
1.851137
-0.1846232
0.4981388
0.4047121
0.3932669
0.4492757
0.4552854
0.5478449
0.4974838
0.5842531
0.3904931
0.5506619
0.310147
0.6243725
0.3026796
0.900931
0.1110321
1.303623
-0.1264526
1.898397
-0.3575239
0.3172057
0.601746
0.2739212
0.8294892
0.1675274
1.26162
-0.1744589
1.756848
-0.5730225
0.9194246
0.2047539
1.166459
-0.0612085
1.469437
0.3090318
2.166808
0.2082053
0.107755
1.935662
-0.1142645
-0.1357518
1.920273
0.2490034
0.03107094
1.765188
-0.6108541
-0.1458508
1.915454
-0.1758549
0.4054705
0.5036287
0.3418397
0.5662311
0.3598337
0.7710517
0.2385884
1.041947
0.02384658
1.577806
-0.3890683
1.156971
0.4513218
1.599559
0.2428962
0.129045
0.9736907
1.631935
-0.04516287
0.8825015
1.503783
-0.2475294
1.114963
1.189107
0.9671714
0.7913541
-0.01400354
0.2549911
0.5432515
1.09215
0.02762053
1.248682
0.8534064
1.700531
0.5545502
0.007598304
1.186159
1.671201
0.9691291
0.906433
0.6779764
0.1945063
0.3218434
0.5446188
0.6396416
0.3554535
0.6984655
0.7603356
0.3185879
0.7271355
1.165437
-0.1743439
1.813796
-0.5111036
0.6653325
0.4164227
0.5352646
0.4795304
0.6333382
0.3795024
0.6430614
0.2704709
0.707202
0.2248826
1.088413
-0.0568041
1.558972
-0.3182494
1.814873
-0.1641034
0.08096254
1.417779
-0.2195138
1.851443
-0.4065748
0.3103568
0.5954986
0.2744312
0.8219672
0.1773377
1.249204
-0.1635468
1.746286
-0.5747548
0.976902
0.1394237
1.297269
-0.2290068
1.599406
-0.358202
1.688521
-0.3076741
0.3151417
0.6096448
0.2960607
0.6519978
0.3015936
0.9647171
0.05570745
1.372564
-0.1229083
1.970965
-0.1757495
0.1230238
1.581919
-0.419636
1.094729
0.499247
1.457302
0.352987
0.1826441
0.7408439
1.467391
-0.3993656
1.585033
-0.3457266
0.6463958
0.5625123
0.3441528
0.7211122
0.2555014
1.005388
-0.0007042726
1.522368
-0.4272953
1.523062
-0.3685092
1.084051
0.7782247
1.233816
0.5656534
-0.04727372
0.3894899
0.6484918
1.01809
0.01535302
1.431752
-0.2822927
1.876105
-0.2226835
0.1952035
1.126919
-0.09313036
1.702946
-0.5405008
1.080434
0.06790386
1.4725
-0.3721192
1.573209
-0.4298127
1.214597
0.2001768
1.822859
-0.05810156
0.2033846
1.149978
0.1342366
1.700168
-0.2204197
0.5507672
0.541067
0.3018973
0.6274958
0.3073524
0.9156105
0.1020348
1.3097
-0.0961397
1.925658
-0.2887522
0.2400834
0.9569197
0.02492294
1.486808
-0.3924382
1.612932
-0.416756
0.8798416
0.6795268
0.7008011
0.7460209
0.331894
0.7282091
1.145119
-0.1634583
1.818293
-0.4976977
0.6470268
0.4278715
0.5031335
0.4912143
0.5804619
0.4460659
0.5636193
0.3362218
0.5664269
0.3139733
0.7610549
0.231617
1.108713
-0.06614679
1.640191
-0.5162863
1.319844
-0.2009411
1.311217
0.977635
1.832295
0.6016768
0.2997809
1.538979
0.3861565
1.782124
-0.6611541
0.112896
1.297735
-0.06537753
1.341361
1.084461
1.894457
0.8460169
0.6827772
1.555986
-0.2997777
0.532084
0.46861
0.3548608
0.5188326
0.3952199
0.6814397
0.3393625
0.8560768
0.1349465
1.157203
-0.1461657
1.743725
-0.5688273
0.9838015
0.1420914
1.300927
-0.231682
1.59701
-0.3537985
1.697192
-0.304791
0.2959863
0.6545926
0.274463
0.7394219
0.2558314
1.12703
-0.0808612
1.579972
-0.3913149
1.732486
-0.1467282
0.1602821
1.092869
0.2812633
1.592858
0.09510294
0.4338356
0.6038296
0.6887298
0.1973888
0.9692901
0.07075746
1.475917
-0.2501269
1.798377
-0.4369736
0.36588
0.4678025
0.3661529
0.566926
0.3972821
0.7470805
0.2597269
0.9409446
0.09945323
1.386302
-0.2203878
1.362878
0.5638668
2.037539
0.3664166
0.1224071
1.793068
-0.6476802
-0.3767534
2.019046
0.6607155
0.2982443
1.671766
-0.3551747
0.6718849
0.6675948
0.291392
0.877605
0.09016881
1.312245
-0.2622086
1.736252
-0.5485354
0.8935047
0.2800269
1.08836
0.1460338
1.216586
1.243274
1.383172
0.9216532
0.2243312
0.3422646
0.7956594
1.042702
0.01266647
1.584912
-0.3531903
1.630234
-0.4040542
0.6522111
0.4832316
0.4557084
0.565321
0.4507772
0.6067657
0.3353936
0.6414243
0.2461853
0.8584195
0.1236107
1.34571
-0.2619464
1.71916
-0.5491329
0.9727262
0.1985128
1.306469
-0.08678459
1.252224
1.388739
1.400365
0.8393877
0.5690799
0.3740455
0.8933587
0.3357359
0.6701404
1.340627
-0.3341942
1.866285
-0.1631151
0.2406882
1.007014
0.02987512
1.538355
-0.3678524
1.239155
0.3283437
1.806201
0.03121626
0.07406191
1.448508
0.1510814
2.031098
-0.1863524
-0.1102307
1.964811
-0.1436071
-0.1193004
1.892697
-0.3667427
-0.03982282
1.772382
-0.4441854
0.683841
0.5358866
0.438184
0.6568691
0.3468178
0.7464556
0.1987162
0.95199
0.02851867
1.522415
-0.4158401
1.531131
-0.3830606
1.133583
0.6234096
1.5
0.4275605
-0.02960035
0.7961654
1.399366
-0.3214948
1.588313
-0.4360797
1.191769
0.2280219
1.781415
-0.01921242
0.2320259
1.02501
0.3894849
1.295045
0.2422863
0.6541229
1.207957
-0.2047438
1.879229
-0.3687145
0.4386875
0.375981
0.4356438
0.4194235
0.5268583
0.4775533
0.6198664
0.3932137
0.6309037
0.2769064
0.6928551
0.2266529
1.054075
-0.02641524
1.535593
-0.3009797
1.827151
-0.2074486
0.109867
1.343389
-0.2180708
1.825169
-0.4841767
0.5172691
0.3481224
0.5015054
0.3761862
0.6495171
0.3575515
0.8475844
0.1380284
1.142041
-0.1017006
1.804186
-0.4245331
0.6518604
0.5502155
0.3836577
0.6713902
0.2981545
0.8655563
0.09982616
1.27845
-0.2372333
1.723428
-0.5610619
1.019621
0.1136864
1.403097
-0.2980387
1.462359
-0.06281848
1.967039
-0.2667254
-0.01067437
1.83116
-0.4475675
0.4430743
0.3652774
0.4584448
0.4086171
0.5691865
0.4413374
0.6883998
0.2992111
0.7750283
0.1768788
1.050201
0.001143692
1.541316
-0.2517386
1.824236
-0.320066
0.1308964
1.226368
-0.1877377
1.771544
-0.5644013
0.8540548
0.2810749
0.978012
0.1592532
1.284349
0.4633172
1.852557
0.1550617
-0.0463167
1.603233
-0.2282347
1.478108
-0.1000431
1.707914
-0.5317945
0.9416684
0.2779956
1.224732
0.1281822
1.055454
1.712388
0.2857524
0.7933118
0.5504047
0.4353268
0.5999695
0.3426931
0.6700332
0.2387564
0.9079106
0.06985977
1.425611
-0.3354456
1.675611
-0.4861192
0.8902905
0.454615
0.9539182
0.4488261
0.7487715
1.151932
-0.1056336
1.645211
-0.4405432
1.514684
-0.3020189
0.7569768
0.8279822
0.2185377
1.194175
-0.02972862
1.731667
-0.5041538
0.847895
0.4317879
0.841768
0.4618996
0.8092538
0.7431435
0.2894384
1.02785
0.03052668
1.479831
-0.3909954
1.566194
-0.4161282
1.121493
0.4804713
1.549625
0.3160572
0.1277234
0.8772018
1.628853
-0.3361088
1.10062
0.7337644
1.237955
0.6482104
-0.04857097
0.3359033
0.6498084
1.158521
-0.1234642
1.651577
-0.5028177
1.467412
-0.2106237
0.7044808
0.9008204
0.05238446
1.465031
-0.3682063
1.488003
-0.3114668
1.588635
-0.4312328
1.325944
-0.09692135
1.791775
-0.5605707
0.6750785
0.322536
0.6761331
0.3318193
0.9648523
0.05377839
1.337506
-0.1474345
1.963326
-0.1702033
0.1786199
1.398599
-0.2912773
1.437611
0.08633822
2.080021
0.01522041
-0.00802029
1.928673
-0.3311753
-0.2831515
1.920767
0.2370452
-0.01545831
1.659489
-0.4660949
0.731535
0.4650939
0.6167114
0.5167221
0.6238793
0.3556063
0.5209467
0.3152004
0.5712359
0.3399743
0.8005619
0.2168594
1.112962
-0.007912653
1.681299
-0.4349115
0.9265283
0.6221708
0.8413809
0.7014604
0.3479609
0.8437025
0.8465268
0.3205894
0.9869651
0.5402486
0.9718209
0.4902494
0.5651489
1.146484
-0.0491666
1.61534
-0.4884886
1.443768
-0.2714976
0.9944489
1.214612
0.4652616
0.8714457
1.188991
0.2979102
1.042556
1.549532
0.5756524
1.039459
0.3884152
0.9646951
0.6578449
0.7626884
0.6567329
0.4018397
0.785941
0.8786746
0.1232666
1.463051
-0.3483181
1.521508
-0.3391282
1.609793
-0.4509809
1.024552
0.4775032
1.296962
0.3693107
0.4070378
0.8412406
0.6680773
0.4433828
0.6049931
0.4126461
0.4095985
0.4651029
0.4812194
0.5572648
0.4984936
0.5507805
0.3908048
0.5031284
0.3448852
0.59339
0.3537236
0.8129078
0.1901169
1.110772
-0.0124129
1.72004
-0.3811216
0.7782748
0.7823205
0.3192242
1.065363
0.1037737
1.43597
-0.3406257
1.531263
-0.347987
1.60178
-0.4417805
1.012091
0.5310233
1.221954
0.43484
0.3664336
0.8630393
0.5635083
0.5806826
0.6464006
0.3616242
0.5338232
0.4058809
0.7014551
0.3197947
0.8629907
0.1407444
1.17414
-0.1386209
1.655208
-0.4782146
1.479834
-0.2508002
0.747565
0.9170292
0.09632805
1.395542
-0.2367515
1.817719
-0.4647279
0.4593184
0.3550889
0.4748946
0.3946778
0.6002016
0.4083195
0.7507698
0.2307045
0.9165793
0.0821081
1.412329
-0.210871
1.303842
0.8165842
1.858133
0.5926476
0.1749605
1.498873
0.5588405
1.940343
-0.6116781
-0.4464543
1.922485
1.046269
0.5446158
1.499597
0.4580723
1.707766
-0.526122
0.3873781
0.4397236
0.4267067
0.5322836
0.4812452
0.615027
0.3897083
0.6182842
0.2799486
0.6859023
0.23707
1.039457
-0.01405252
1.516986
-0.2845872
1.849686
-0.2065964
0.106191
1.389233
-0.2778795
1.739558
-0.5232535
0.7764188
0.3856457
0.767353
0.4048993
0.9121971
0.3120117
0.9270222
0.07475041
1.331069
-0.1894274
1.908165
-0.3110398
0.2803212
0.7635092
0.1586457
1.159875
-0.1236245
1.637967
-0.4450791
1.567273
-0.2493728
0.4982672
0.5066759
0.3375087
0.5145924
0.3672463
0.6786751
0.3309897
0.9022926
0.09476438
1.262239
-0.2114764
1.832041
-0.4805359
0.5660603
0.3825837
0.4874835
0.4127087
0.6092312
0.4057788
0.7324735
0.2324955
0.8839674
0.07379805
1.389869
-0.2402954
1.406494
0.2930597
2.064246
0.04065121
-0.03902633
1.890462
-0.2865975
-0.3022413
1.86299
0.1728396
-0.07363071
1.616053
-0.3524419
1.146375
0.6578896
1.476491
0.4944926
-0.05847261
0.7032044
1.149458
-0.175929
1.884594
-0.3352223
0.4479844
0.3769598
0.4313572
0.4193555
0.5186767
0.4815646
0.6102671
0.409749
0.6131829
0.2924828
0.6513181
0.2525686
0.9591603
0.05799981
1.432426
-0.2376464
1.861893
-0.3470928
0.247122
0.826902
0.1042314
1.307721
-0.2312283
1.581703
-0.3144431
1.718447
-0.367532
0.3241421
0.5771552
0.2761848
0.691335
0.2642291
1.053809
-0.02457239
1.499917
-0.2395835
1.921446
-0.1041414
0.04194743
1.701174
-0.5361312
0.9720259
0.2342717
1.315582
0.02090613
1.067668
1.73239
0.2372952
0.6664503
0.436548
0.449633
0.3629738
0.4630744
0.4071519
0.5782889
0.4340985
0.702147
0.2814149
0.804369
0.1556931
1.133034
-0.04915573
1.544325
-0.08887473
1.969426
-0.2047228
-0.09257402
1.915676
-0.3811209
0.0670084
1.516804
-0.3305888
1.209509
0.604765
1.681357
0.4057064
-0.0528796
1.153782
1.638775
0.7498888
0.7560549
0.4362854
0.7304093
0.4966111
0.5397286
0.9667853
0.2304062
1.314044
0.02221928
1.075151
1.732937
0.2748358
0.6699494
0.4095433
0.5041773
0.3867158
0.4357012
0.4187804
0.5239359
0.4770814
0.6174924
0.3975306
0.6290686
0.2793789
0.6871386
0.2284265
1.04016
-0.01405532
1.524525
-0.2943637
1.831098
-0.2271752
0.1261132
1.291128
-0.1949896
1.818197
-0.5117266
0.608138
0.3753747
0.5304084
0.4104478
0.6821892
0.332031
0.830346
0.150899
1.117186
-0.1065808
1.678551
-0.5395068
1.291774
-0.1705934
1.249193
1.272598
1.441412
0.6701426
0.3232318
0.6921466
1.347961
-0.3047064
1.693938
-0.4964833
0.816076
0.4368323
0.807492
0.4581967
0.801294
0.6266802
0.3760526
0.7776389
0.1893004
1.005637
-0.01785127
1.626136
-0.4064205
1.075345
0.5338226
1.327895
0.4187329
0.2445978
0.7015555
1.094017
0.02659812
1.217358
1.271999
1.327894
0.7687824
0.2082437
0.4329556
0.9491751
0.4968444
0.8233159
0.2973773
0.8261939
0.810865
0.3011122
1.246307
-0.08040511
1.569132
-0.2469681
1.872662
-0.1601157
-0.009426786
1.696497
-0.5382634
1.076745
0.08678618
1.531066
-0.3626801
1.19887
0.5052186
1.702761
0.3085815
0.001421898
1.235273
1.525325
1.261488
0.9082278
0.7280821
0.09857036
0.4977141
0.4121465
0.517388
0.4959731
0.4442671
0.5843209
0.5073106
0.5054028
0.7320273
0.4921218
0.5598756
0.7723629
0.2364778
1.024167
0.1484527
1.327798
0.5653859
1.91979
0.249977
-0.03079854
1.660826
-0.510512
0.4878302
0.3374595
0.5251784
0.3737338
0.7016615
0.3154999
0.9215543
0.08768397
1.303884
-0.2580087
1.737445
-0.5509493
0.8978356
0.2707356
1.103311
0.1222985
1.238814
1.234632
1.47381
0.9106842
0.344404
0.5207188
0.9116472
0.3279274
0.8900424
0.09864789
1.259935
-0.1944265
1.852298
-0.4436924
0.5009832
0.3649718
0.4687118
0.3926595
0.5834843
0.4157252
0.7324208
0.2556285
0.8823735
0.1142717
1.30642
-0.1542412
1.433774
0.4554855
2.139852
0.2735795
0.1406094
1.919467
-0.2745106
-0.2828908
1.86437
0.6052968
0.287327
1.57725
0.1940357
1.575027
0.1396401
1.632322
-0.1932738
1.274868
0.8421759
1.744113
0.6069537
0.06852152
1.244456
1.625357
1.376492
1.110011
1.170062
-0.1607982
-0.1233005
1.10336
1.601521
0.4892862
0.6229239
0.432196
0.8086117
0.7431115
0.3109522
1.176053
-0.09202603
1.484508
0.07451324
2.145986
0.2151191
0.1017884
1.917686
-0.3078131
-0.3305985
1.837308
0.6152074
0.2256662
1.490226
0.6769576
2.019409
-0.3798082
-0.3389612
1.840148
0.8896973
0.671012
1.404255
0.07884411
0.9959472
1.711452
-0.03140228
0.7644738
1.132123
-0.09374109
1.611591
-0.3870241
1.675522
-0.2463408
0.2717939
0.7248039
0.3417678
0.7312496
0.3480293
0.9903217
0.08805861
1.315623
-0.2312066
1.840288
-0.4484634
0.4826572
0.3564267
0.4730277
0.3883988
0.5937718
0.4064631
0.7526309
0.2339944
0.9264256
0.08580609
1.415531
-0.2092421
1.290693
0.8740977
1.803335
0.6363038
0.1772773
1.387104
1.206826
2.088025
0.981358
1.199153
1.756873
-0.3869116
-0.2985661
1.942627
0.7168085
0.3571202
1.634046
-0.08718063
1.113871
1.606134
0.6124694
0.8074746
0.2581079
0.7738917
1.322161
-0.2433026
1.642278
-0.4786745
1.127238
0.1871113
1.653096
-0.1209687
0.5386154
0.5805169
0.2861279
0.6606324
0.2875637
0.990066
0.03397527
1.414396
-0.1490407
1.971599
-0.1512314
0.08398698
1.69729
-0.4997566
0.8242539
0.4298345
0.8299752
0.4464017
0.8241937
0.6907248
0.3602048
0.9246082
0.1018828
1.225562
-0.1421532
1.881556
-0.3509933
0.4248114
0.3878425
0.4228557
0.4375898
0.505879
0.5104488
0.5678596
0.4593857
0.5205334
0.3619238
0.5067536
0.3712866
0.6481004
0.3495903
0.8547408
0.1304569
1.170666
-0.1203945
1.82467
-0.4300292
0.6013178
0.4746953
0.4158568
0.5320289
0.4357066
0.6332938
0.3567226
0.7214215
0.2092819
0.9287653
0.03724769
1.497026
-0.399837
1.502983
-0.364249
1.366493
0.04728114
1.986978
-0.1753801
0.03531183
1.807708
-0.5079181
0.4675692
0.344215
0.5041892
0.3826654
0.6590146
0.3559647
0.8487015
0.1372162
1.138751
-0.1150052
1.792774
-0.4671074
0.7122627
0.5324464
0.4676378
0.6752806
0.36321
0.7145501
0.2645558
0.7671436
0.1981595
1.192791
-0.1472954
1.651378
-0.4873371
1.506715
-0.207877
0.5828746
0.6572421
0.2221402
0.8775375
0.1541605
1.361157
-0.2067272
1.756823
-0.5612857
0.8215881
0.2968073
0.93443
0.2289834
1.209644
0.4782578
1.645485
0.1269309
0.04897646
1.176324
1.445737
1.0213
0.8046526
0.2454428
0.4283442
0.4629066
0.4401337
0.4444372
0.4698094
0.4481257
0.4629145
0.4819363
0.4631394
0.4905629
0.5059725
0.4929585
0.5437542
0.5580569
0.5524308
0.6438933
0.6034334
0.4436215
0.4143619
0.3811442
0.4540985
0.4349634
0.5601851
0.4710911
0.6333694
0.3447903
0.6488878
0.2451394
0.7963669
0.1722229
1.260644
-0.2009322
1.664378
-0.5031826
1.425642
-0.228798
0.877381
1.209305
0.06600622
1.243336
1.473596
1.359889
0.9683845
0.7351849
0.1394714
0.5149594
0.4142115
0.4557824
0.521991
0.4257933
0.5007742
0.5436651
0.4463361
0.5833862
0.5983633
0.4767501
0.7303567
0.685078
0.2739688
0.7579683
0.1574327
1.108414
-0.04497208
1.567018
-0.228732
1.848882
-0.2745632
0.02995217
1.57076
-0.4499348
1.365668
-0.2158651
1.608757
-0.3735071
1.653319
-0.3210911
0.4031486
0.4671201
0.3538498
0.4752438
0.3906833
0.6000027
0.4049499
0.7571053
0.2264829
0.9332571
0.07544882
1.442933
-0.2245509
1.254727
0.9302102
1.669516
0.6725954
0.08240222
1.073564
1.764054
0.2968299
0.7184597
0.3652838
0.5605237
0.3857595
0.4632515
0.4286784
0.5713145
0.4534787
0.6577405
0.3150074
0.7068291
0.2046185
0.9364813
0.07361112
1.466861
-0.3223411
1.705723
-0.4676161
0.6964932
0.450308
0.5707733
0.5028585
0.6129651
0.363568
0.5670131
0.2935166
0.6375579
0.2944844
0.9412941
0.0789922
1.355499
-0.1231541
1.943435
-0.2571141
0.1731623
1.28122
-0.2065594
1.563051
-0.2076973
1.908762
-0.1469756
-0.03886128
1.78752
-0.5748825
0.6291661
0.2938073
0.675419
0.2940536
1.005929
0.01683662
1.428288
-0.1819204
1.96549
-0.1210701
0.08387223
1.701081
-0.5174066
0.8410042
0.3782461
0.923573
0.3577434
0.9715432
0.9343845
0.5910738
1.095343
0.3954929
1.001861
0.9861716
0.6956734
0.9658869
0.4424686
0.6878918
1.242647
-0.1990824
1.673071
-0.5114292
1.33206
-0.2081796
1.260253
1.134275
1.577995
0.632027
0.2159523
1.008101
1.669558
0.2171916
0.9286935
1.242242
0.1686353
1.318036
1.320779
1.825976
1.096534
1.132952
1.050532
-0.301318
-0.1899147
1.329293
0.9251476
1.906518
0.6027353
0.3396193
1.668869
-0.266931
0.8899326
1.210937
0.09989258
1.206363
1.563442
1.150728
0.9608031
0.6387298
0.06743742
0.3625124
0.4450162
0.7560489
0.3405904
0.6035218
1.101048
-0.02340935
1.390669
0.2502579
2.126685
0.247229
0.1105652
1.895567
-0.4261053
-0.4072628
1.83576
0.7788819
0.2975062
1.38896
1.222668
2.111297
0.9351751
1.203898
1.778001
-0.311485
-0.210913
1.9914
0.5333548
0.2387065
1.741094
-0.6415999
0.05623353
1.47617
-0.1597442
1.13515
1.434854
0.8385144
0.7998267
0.1486563
0.6172472
0.5352153
0.3801144
0.7965797
0.4756918
0.5512932
1.072521
0.08329599
1.656201
-0.1930089
0.7203412
0.9989072
0.01050898
1.484268
-0.3187869
1.807235
-0.2804564
0.2474412
0.829632
0.12068
1.250612
-0.1188355
1.48752
0.2505015
2.132964
0.06083282
-0.01022341
1.920563
0.001984008
-0.1096219
1.852363
-0.1488603
-0.2643699
1.780277
-0.1702106
-0.1152704
1.69208
-0.5236786
1.226087
-0.1089037
1.512872
0.001837078
2.107762
0.144699
0.04143596
1.899931
-0.3390461
-0.3538708
1.846225
0.5184641
0.07817863
1.465922
0.5743297
1.95953
-0.4495998
-0.3831103
1.887561
0.8055599
0.3514892
1.483804
0.7685051
2.025657
-0.3594163
-0.3043324
1.849859
0.9085111
0.7956533
1.377831
-0.242937
0.3549229
0.5801645
0.4765493
0.3814662
0.5435647
0.4072365
0.6943146
0.3099513
0.8528196
0.1312992
1.192455
-0.151451
1.652843
-0.4673603
1.493685
-0.2634322
0.7309987
0.857882
0.1336902
1.315953
-0.2223678
1.771073
-0.554066
0.7893123
0.3307041
0.8280504
0.3102214
1.08708
0.237232
1.415553
-0.2153852
1.109164
1.355843
0.7804548
0.7113198
0.2242481
0.6288078
0.6689511
0.3301491
0.8166071
0.8100783
0.3514822
0.7364951
0.9119008
0.0350813
1.556739
-0.4164529
1.272712
0.06109824
1.831214
-0.3895821
0.3512554
0.4970146
0.3379163
0.6121762
0.3487007
0.851212
0.1538614
1.169487
-0.03008612
1.815145
-0.325914
0.5224564
0.429101
0.4005774
0.4598204
0.4623611
0.5581558
0.4891015
0.5839552
0.3741401
0.5560594
0.3025317
0.6611688
0.282051
0.9736147
0.04073478
1.416027
-0.2125144
1.917504
-0.2372421
0.155721
1.320508
-0.2466318
1.604094
-0.3875834
1.645693
-0.3078891
0.419067
0.4586662
0.359639
0.463764
0.3955642
0.577044
0.4237219
0.7193137
0.2707735
0.8500867
0.1364832
1.222243
-0.103911
1.503998
0.1742773
2.116612
0.01011382
-0.04442881
1.923103
0.001746423
-0.1381534
1.817954
-0.1837711
-0.2746801
1.775983
-0.2625564
0.02212369
1.494295
-0.3519441
1.731234
-0.3611051
0.4425042
0.4006097
0.3954702
0.4432167
0.4576966
0.537663
0.5084363
0.5689113
0.414315
0.5214781
0.3353774
0.5674539
0.3464743
0.7772656
0.2311323
1.074013
-0.005536889
1.626419
-0.4406504
1.108382
0.3329315
1.525131
0.07840774
0.4619763
0.6619993
0.6160975
0.2784874
0.8711602
0.1326668
1.307059
-0.1840549
1.822214
-0.5098049
0.5793696
0.3601145
0.5259168
0.3890935
0.6881696
0.3255597
0.8771011
0.1161606
1.218836
-0.1926884
1.742756
-0.5749896
0.9919426
0.1215439
1.329477
-0.2623026
1.626059
-0.45343
1.467384
-0.3088772
1.028931
1.085354
0.7427659
0.7755292
0.5041052
0.4286465
1.044069
0.2225237
1.054275
0.8428379
0.9974878
0.8388788
-0.02862159
0.2397049
0.5802255
1.169058
-0.08393671
1.490543
0.01399616
2.11914
0.1765887
0.06972717
1.904994
-0.3707829
-0.3713406
1.846195
0.6265463
0.1650837
1.442339
0.891376
2.096277
0.252345
0.2897455
2.083816
-0.1951793
-0.1268839
1.945043
0.7252748
0.7435107
1.696721
-0.6825692
-0.2772053
2.049777
0.3302943
0.2914947
1.773513
-0.6282026
0.2735205
0.7621198
0.238385
1.161779
-0.1049486
1.628632
-0.4756044
1.54813
-0.207304
0.5042006
0.5502498
0.3334408
0.5465257
0.3563455
0.7416386
0.2709883
1.007208
0.03267323
1.490842
-0.3876557
1.452167
-0.2766177
1.604869
-0.4310167
1.413133
-0.2722504
1.465838
0.03680421
2.071957
-0.0102834
-0.02377336
1.930358
-0.3129885
-0.2636001
1.923106
0.1456195
-0.03641981
1.706113
-0.5423788
0.5737788
0.2935407
0.6401818
0.2998475
0.9464316
0.07466692
1.353058
-0.1083516
1.95667
-0.2228954
0.1531978
1.414008
-0.3004821
1.407948
0.1486062
2.070654
0.01970737
-0.008141989
1.919677
-0.3678186
-0.2792046
1.945222
0.2176554
0.01551638
1.699594
-0.5253993
0.6034604
0.3097858
0.63602
0.3159568
0.9228367
0.09197039
1.308073
-0.09499621
1.939122
-0.247428
0.2192615
1.106544
-0.08033856
1.599277
-0.4249233
1.652282
-0.2057553
0.3101705
0.6451387
0.4340315
0.4858962
0.5065478
0.5522849
0.4896756
0.5081216
0.3964208
0.4707469
0.3952671
0.5669133
0.4188463
0.7073596
0.2832955
0.8456778
0.1326861
1.211446
-0.1240805
1.558678
-0.1145968
1.95202
-0.205382
-0.09163357
1.896753
-0.4277718
0.1405849
1.2109
-0.1378462
1.579488
-0.2163668
1.868354
-0.2315647
-0.02283789
1.712645
-0.5421605
0.9759376
0.2123324
1.309569
-0.05446997
1.189097
1.582465
0.9620643
0.7783262
0.5284217
0.4933603
0.3917792
0.5952355
0.4701925
0.4528717
0.7274312
0.4310082
0.5829512
1.048747
0.0423743
1.532502
-0.39471
1.302754
0.06031022
1.869427
-0.3682477
0.2421962
0.8372993
0.09977285
1.334828
-0.2612762
1.589574
-0.3743663
1.610746
-0.3850153
0.6792186
0.5479401
0.4177728
0.6776637
0.3145782
0.8107937
0.148975
1.125883
-0.1000999
1.647363
-0.4794717
1.480258
-0.2544021
0.7669454
0.9507519
0.09603711
1.396589
-0.1108405
1.916985
-0.3555227
0.1642138
1.184581
-0.1330975
1.60787
-0.3427325
1.740229
-0.2242677
0.1332436
1.159942
0.06113712
1.819644
-0.1405593
0.3925148
0.5244832
0.3325163
0.5225819
0.3676705
0.6979187
0.3168422
0.9272592
0.08040616
1.314765
-0.2645039
1.766945
-0.5283986
0.7408286
0.3846566
0.6936603
0.4189556
0.8594737
0.1928215
0.9744026
0.04797083
1.5524
-0.2407578
1.039218
1.288236
0.5512794
0.8774661
0.8509881
0.5034341
0.5416299
1.015982
0.1728472
1.489497
-0.06531579
0.8812982
1.503771
-0.2506918
1.127596
1.152514
1.051345
0.7839822
-0.08451375
0.1735633
0.652653
1.32278
-0.298742
1.791197
-0.4381767
0.5207112
0.3682552
0.4735983
0.3963945
0.5921539
0.4124765
0.7378178
0.2443145
0.8928865
0.09816299
1.351888
-0.1835076
1.391057
0.5647827
2.084363
0.3706672
0.1725863
1.863281
-0.573876
-0.4823136
1.842645
1.013371
0.4721237
1.326845
1.04831
1.87616
0.4000046
0.2993327
1.787025
-0.6569084
0.1574494
1.144435
0.01098769
1.449582
0.4482764
2.13779
0.2083681
0.09455743
1.920427
-0.1585509
-0.1936537
1.88887
0.3193767
0.05045272
1.693322
-0.5522615
0.3559017
0.5315567
0.3650706
0.6965183
0.305677
0.9321264
0.06871283
1.347027
-0.2902714
1.743375
-0.5162712
0.7663779
0.4040731
0.7249869
0.4392655
0.8389527
0.2865875
0.8060817
0.1352918
1.177925
-0.12165
1.61262
-0.345402
1.706808
-0.2849339
0.2263504
0.8493581
0.2021612
1.168905
0.06082357
1.312782
1.167748
1.778918
0.903411
0.6811172
1.229981
0.3121113
1.023258
1.539468
0.5143012
1.049796
0.6521369
0.9851477
0.1434603
0.7852241
1.515149
-0.3849756
1.44616
-0.3006836
1.171709
0.9696368
1.380122
0.5742285
-0.1426117
0.537878
0.7008936
0.333166
0.7209134
0.3330039
1.000356
0.05329299
1.369899
-0.2614694
1.860408
-0.3477293
0.3330965
0.5531599
0.2971963
0.7131787
0.2613424
1.06354
-0.03887879
1.536504
-0.3676242
1.766502
-0.191797
0.1957836
1.008757
0.1445003
1.515631
-0.08747616
0.8833139
1.487965
-0.2283573
1.118677
1.258098
0.9200482
0.7862534
0.04189591
0.3667595
0.4826608
0.8177023
0.2984622
0.6845115
1.299907
-0.2883011
1.805285
-0.4288305
0.4828905
0.3614651
0.46311
0.3952782
0.5750595
0.4243884
0.7172075
0.2738831
0.8464567
0.1394917
1.21039
-0.09809073
1.513432
0.1248087
2.097675
-0.03173487
-0.07028373
1.926751
-0.01643198
-0.1666524
1.798054
-0.1929537
-0.2606315
1.770285
-0.3803974
0.2043289
0.9260576
0.03231888
1.504815
-0.3241277
1.266624
0.4316748
1.845082
0.1683302
-0.01687526
1.575125
-0.06045832
1.732466
-0.5640733
0.5645267
0.2874991
0.6506747
0.2915818
0.9709982
0.05238298
1.389121
-0.1279303
1.968979
-0.1824791
0.1071046
1.616165
-0.4410838
1.020588
0.5150903
1.24119
0.4270537
0.3755683
0.85229
0.5961397
0.5445377
0.5593867
0.4626273
0.3506558
0.5344041
0.3900311
0.7112533
0.308695
0.9051019
0.1096264
1.271761
-0.2192828
1.652345
-0.4806214
1.418289
-0.2666359
1.068399
1.23336
0.7378733
0.7267268
0.3966486
0.4657712
0.9718712
0.2125738
0.8778821
1.435342
-0.1844632
1.304252
0.8397785
1.840585
0.6161672
0.1842051
1.462252
0.8033179
2.07729
0.001045385
0.01659325
1.991081
0.2937769
0.2616752
1.974384
-0.5896712
-0.4556631
1.869758
1.096326
0.6725077
1.400275
0.2010254
1.241115
1.556406
1.460408
1.154543
1.128207
0.02649596
-0.04895912
0.8508983
1.476104
-0.283675
1.354101
0.2141437
1.902902
-0.3133856
-0.007586742
1.724966
-0.4761462
0.8191142
0.5185976
0.6921702
0.6178926
0.5323044
0.5571436
0.5139405
0.3107981
0.5964893
0.3299387
0.8516593
0.1659533
1.19583
-0.03219578
1.814728
-0.3759566
0.5279862
0.4139344
0.4239445
0.4411078
0.4982514
0.5141044
0.5547194
0.4764918
0.5010282
0.3852283
0.4775608
0.3987873
0.5881368
0.4110566
0.7293131
0.2504235
0.8848607
0.09744012
1.338154
-0.1911686
1.433713
0.3496413
2.115249
0.1434899
0.02965099
1.897153
-0.2002681
-0.2730417
1.831436
0.2972239
-0.04310227
1.567177
-0.217678
1.230957
0.9994915
1.553382
0.735261
0.03849165
0.7758891
1.323679
-0.2775143
1.686612
-0.5224728
0.9950389
0.2462413
1.355037
0.03003232
0.965455
1.681052
-0.1509247
0.7988029
1.255258
-0.1461138
1.457837
0.3667388
2.181845
0.2909563
0.1820675
1.954663
-0.1735559
-0.1459756
1.947305
0.4627195
0.2735278
1.797605
-0.7029161
-0.05239459
1.799319
-0.07225862
0.5888773
0.5213348
0.3099516
0.6431558
0.3114517
0.9347176
0.07929443
1.330045
-0.1188579
1.946463
-0.2365063
0.1959858
1.223187
-0.164157
1.594541
-0.304923
1.81835
-0.1355798
0.01495619
1.568807
-0.3556236
1.65419
-0.3938678
0.5785925
0.424215
0.4346623
0.4758608
0.5067729
0.540818
0.5073053
0.4948573
0.4230651
0.4444119
0.4200855
0.5141858
0.4719082
0.6049578
0.4107737
0.6236748
0.287061
0.6812322
0.2246806
1.016133
0.005591926
1.513433
-0.3058636
1.803749
-0.2867679
0.2103795
0.9491979
0.0403088
1.512411
-0.2901614
1.194855
0.8053723
1.536191
0.6000396
-0.1171331
0.7426524
1.146909
-0.1314143
1.6958
-0.5535879
1.235085
-0.1279847
1.334527
0.9959801
1.893349
0.6336225
0.4217581
1.660635
-0.2633493
0.8618863
1.192445
0.0481897
1.269259
1.365534
1.521292
0.9484148
0.7130491
0.4737698
0.618878
0.3950301
0.5752125
0.735528
0.3503142
0.7221497
1.136389
-0.162512
1.825172
-0.4902573
0.6137974
0.4123956
0.4900965
0.459549
0.586164
0.4403427
0.6230338
0.3092236
0.6604325
0.2268655
0.9288367
0.07614458
1.440495
-0.3024202
1.746109
-0.4670345
0.6009039
0.3862046
0.5207936
0.4142998
0.656086
0.3536535
0.7899755
0.172851
1.035044
-0.05299039
1.652672
-0.5092703
1.193732
-0.04378307
1.589807
-0.4068667
1.64223
-0.2854978
0.4292917
0.4611627
0.3623164
0.4590076
0.3959267
0.5669909
0.4297947
0.7057097
0.2892825
0.8222101
0.156823
1.140722
-0.05917371
1.548098
-0.1000835
1.965516
-0.1956988
-0.08982649
1.907663
-0.4039009
0.08324377
1.4421
-0.2837791
1.332489
0.4240905
1.98568
0.2005778
-0.000211203
1.757276
-0.5981659
-0.01388929
1.64969
-0.3076122
0.9234024
1.097521
0.3273183
1.12142
1.294733
1.07004
0.9923777
-0.08474859
0.07248889
0.7590232
1.447466
-0.3884995
1.616476
-0.3616695
0.6203668
0.507725
0.3788673
0.6118424
0.361424
0.7935091
0.1834041
1.070872
-0.04257575
1.698151
-0.4274198
0.9089482
0.6631049
0.7407482
0.7940687
0.2743385
0.7734418
1.303527
-0.249218
1.689727
-0.5203617
0.9148906
0.3329177
1.130802
0.2446705
0.9876556
1.583758
0.1935946
1.016674
1.604402
0.2228169
0.9260955
1.320548
0.09904168
1.298448
1.457412
1.691667
1.150179
1.243422
0.516243
-0.1272409
0.4110304
0.6766075
0.9679347
-0.02911891
1.694443
-0.2869247
0.8211444
1.085729
0.07421479
1.336008
0.7911868
1.942245
0.5778137
0.2517365
1.670175
-0.3555083
0.7239583
0.7578658
0.2626522
1.042862
0.01964036
1.542091
-0.4191384
1.348671
-0.1307313
1.744029
-0.5731169
0.9238824
0.1968426
1.211733
-0.05833095
1.398046
0.767764
2.10131
0.5958844
0.4583703
1.965326
-0.7659133
-0.5756836
1.738167
1.336852
1.122948
0.8972369
-0.0480445
0.132389
0.7116268
1.398569
-0.3609508
1.693793
-0.3795297
0.5203922
0.3990275
0.4204501
0.4397984
0.4994021
0.5154737
0.5575223
0.4752583
0.5019456
0.3822251
0.4772363
0.3974226
0.5895702
0.410102
0.7332819
0.2471555
0.8920407
0.09422212
1.353293
-0.1968894
1.410563
0.4338287
2.102488
0.2293092
0.07571209
1.876918
-0.354291
-0.3742449
1.826673
0.6225267
0.1618271
1.419552
1.023221
2.11516
0.6114034
0.7206032
2.089274
-0.6022404
-0.434836
1.71975
1.240864
1.479522
0.4286138
-0.1426402
0.8630628
1.370505
-0.1545656
1.279492
1.128188
1.661342
0.7854546
0.3817963
1.053692
1.421877
0.8124292
1.024843
0.003603155
0.5376909
0.8466764
0.3730993
0.6987514
0.2326565
0.8374262
0.108624
1.347379
-0.2765193
1.608345
-0.4304802
1.496553
-0.3395205
1.033801
0.959486
0.8936191
0.7209982
0.2202265
0.3661843
0.6390215
0.548339
0.4292068
0.8543439
0.5069019
0.5972951
0.5533958
0.3130608
0.5746121
0.3364373
0.8081807
0.2092899
1.128906
-0.01606857
1.705934
-0.4386733
0.8622512
0.6379855
0.6562485
0.7879882
0.2922232
0.7367309
1.214382
-0.2056389
1.792531
-0.5431916
0.7307034
0.3683336
0.681008
0.4001904
0.8822397
0.1488445
1.079937
0.004489803
1.740285
-0.2423845
0.6537521
0.766824
0.1769084
1.08775
-0.08635452
1.676441
-0.5392823
1.209878
-0.1020307
1.458582
0.2698029
2.191902
0.3113873
0.196928
1.955249
-0.2088792
-0.1761056
1.935352
0.5500451
0.3564796
1.761217
-0.6100152
0.2214995
0.8997595
0.1376915
1.383391
-0.2011847
1.787692
-0.5392677
0.6350818
0.3364064
0.6163869
0.3548993
0.8592515
0.1483834
1.167833
-0.009173649
1.820456
-0.2772814
0.4803262
0.4030708
0.3987003
0.440614
0.4630037
0.5322512
0.5175276
0.5539286
0.431577
0.4945642
0.3578656
0.5275939
0.3832713
0.6920932
0.3196326
0.893008
0.1036267
1.256358
-0.2216695
1.742309
-0.5685441
0.9565847
0.1738287
1.26357
-0.1487104
1.463473
0.3336699
2.171443
0.2388805
0.1335977
1.940662
-0.1401773
-0.1444783
1.9288
0.3360353
0.1188297
1.772019
-0.6604202
-0.07679506
1.82687
-0.1598026
0.5575958
0.4818304
0.345794
0.5556425
0.3758529
0.7507039
0.2638375
0.9846174
0.06682279
1.458156
-0.314934
1.355929
0.2054631
1.987283
-0.09018448
-0.02789871
1.875519
-0.5216493
0.1064658
1.299318
-0.1532737
1.453737
0.3570493
2.137757
0.159638
0.05470475
1.9142
-0.1233401
-0.1863474
1.871028
0.1916956
-0.06694943
1.687455
-0.5464089
0.2215096
0.9155549
0.05422492
1.462288
-0.3720125
1.582595
-0.4360987
1.165845
0.2887943
1.723349
0.07418393
0.2306474
0.9890179
0.8375398
0.7755663
0.9477552
0.1540776
0.6106878
1.203671
-0.1539612
1.713505
-0.5683793
1.155499
-0.05956596
1.407822
0.3975321
2.157902
0.3506019
0.2005648
1.924945
-0.3736303
-0.347821
1.841592
0.8332375
0.5333104
1.444315
0.4434868
1.59086
-0.1706644
1.032127
1.488663
0.3063112
0.813632
1.059001
0.03899284
1.546395
-0.1750246
1.816781
-0.457356
0.1800781
1.017292
-0.02839888
1.605414
-0.4847093
1.402375
-0.2698792
1.227777
0.9785357
1.566196
0.570265
-0.01832857
0.9484382
1.637061
-0.1855742
0.8415151
1.304719
-0.1207087
1.309537
1.127651
1.764486
0.7847281
0.5251373
1.292419
0.7353356
1.591569
-0.4807356
-0.2291729
1.807818
-0.511988
0.6372902
0.389682
0.5423056
0.4322601
0.6821683
0.3278891
0.7894525
0.181152
1.029099
-0.01428452
1.574112
-0.4103883
1.615189
-0.3324182
0.5945698
0.5141451
0.3436074
0.6182028
0.3375263
0.8534821
0.1441482
1.195031
-0.08148121
1.836462
-0.3841746
0.5204091
0.4033687
0.432104
0.4286212
0.5133947
0.4917878
0.5905768
0.4292721
0.5741038
0.3199362
0.591038
0.2998393
0.8227395
0.1798951
1.212995
-0.1204012
1.769464
-0.5441216
0.8279175
0.3434856
0.8699999
0.3114478
1.074278
0.4733399
1.254588
0.1986918
0.5965864
1.171939
-0.1112146
1.880358
-0.2777508
0.4373866
0.3945156
0.4084121
0.4432877
0.4809966
0.5298766
0.532469
0.5206484
0.4537635
0.4440251
0.401326
0.4751837
0.4553033
0.5783759
0.4592105
0.6200694
0.3264532
0.6339004
0.2434391
0.8406745
0.145679
1.321051
-0.2384347
1.711784
-0.5567928
1.081001
0.04127005
1.489424
-0.3851653
1.60945
-0.4278937
0.9343364
0.6385024
0.8964267
0.6330288
0.3705209
0.9120201
0.5885641
0.6479686
0.3921122
0.5310784
0.4287636
0.4068274
0.4602571
0.4701257
0.5536449
0.496117
0.5658429
0.3884663
0.5267807
0.3262994
0.6164509
0.3229196
0.8712328
0.1348524
1.23887
-0.09175624
1.865639
-0.3759
0.4298326
0.381463
0.4298724
0.4280027
0.5174634
0.4926456
0.5957473
0.4228402
0.5784732
0.3142247
0.5982774
0.2962279
0.8423518
0.1638429
1.242736
-0.1304204
1.801839
-0.5229705
0.687416
0.3996142
0.584561
0.4545367
0.7174919
0.2808726
0.7860311
0.2080504
1.018683
0.08031851
1.436054
0.07694455
2.004459
-0.2299158
-0.06823891
1.946152
-0.3188709
0.0424004
1.664323
-0.4077058
0.88975
0.7351181
0.6369293
0.8668766
0.2646727
0.772618
1.300772
-0.2607392
1.704072
-0.5372002
0.9756573
0.2265795
1.315675
-0.008770163
1.107938
1.710007
0.4451463
0.6758434
0.4021127
0.7083849
0.874554
0.06040887
1.468313
-0.3444672
1.392261
-0.01665596
1.919048
-0.3931582
0.1197976
1.329665
-0.2141036
1.475369
0.1196358
2.082702
-0.04089138
-0.06088674
1.935435
-0.1371554
-0.2264258
1.830575
-0.03155742
-0.1840177
1.70268
-0.5160909
0.5241128
0.3153983
0.5680102
0.3402209
0.7939942
0.2230906
1.103953
-0.007139008
1.664222
-0.4415513
0.9871479
0.535406
1.089475
0.5136933
0.4487134
1.019599
0.1866761
0.9680966
1.367715
0.1841616
1.107921
1.734072
0.6316072
0.8993283
0.2422633
0.7268017
1.34908
-0.2905601
1.660129
-0.4931698
0.9447849
0.395711
1.153351
0.3219069
0.7814924
1.437941
-0.2716248
1.464363
-0.162221
1.62628
-0.3909677
1.430853
-0.2693628
1.451647
0.09070837
2.082799
0.004848546
-0.02113717
1.930528
-0.2775934
-0.2770032
1.888222
0.191179
-0.06531695
1.642018
-0.4493162
0.8112636
0.553446
0.6748515
0.6247464
0.4762599
0.5802264
0.5587002
0.2877973
0.6908551
0.2679132
1.040266
-0.01628256
1.493721
-0.2677619
1.892705
-0.140794
0.08001492
1.563169
-0.4208735
1.412404
-0.2511421
1.614525
-0.4244195
1.495449
-0.3410324
1.042313
0.9489123
0.9351726
0.7009019
0.1575495
0.3352764
0.5348797
0.6802698
0.3452742
0.692932
0.8971405
0.1850502
0.9024259
1.20023
0.1287358
1.266656
1.40099
1.549512
1.052417
0.8697904
0.415287
0.3047913
0.4490649
0.4219903
0.4021231
0.4478054
0.4239913
0.4212634
0.4478911
0.4290566
0.4340685
0.4499672
0.4359034
0.4451672
0.4545856
0.4449638
0.4573961
0.4630146
0.4581101
0.474436
0.478522
0.4802894
0.5041587
0.5098831
0.5247149
0.5661778
0.5740573
0.6000859
0.6260515
0.4812186
0.3668439
0.4601196
0.4109466
0.572363
0.4412792
0.6885311
0.2959679
0.7738202
0.1745644
1.056792
-0.002402681
1.542948
-0.2407436
1.835131
-0.313236
0.1044764
1.328079
-0.26687
1.715014
-0.5474588
0.9893771
0.1825361
1.346307
-0.1331605
1.245202
1.315137
1.415131
0.8009095
0.4122598
0.4971963
1.060343
0.1275051
1.207731
0.409742
1.764536
0.2078868
0.05042585
1.368703
0.9376439
2.002243
0.7405996
0.5791495
1.819341
-0.7690403
-0.2199279
2.098597
0.4682325
0.4104087
1.838692
-0.746891
-0.1739857
2.037136
0.2614813
0.3820662
1.588224
-0.4190076
0.7651823
0.5742348
0.5523932
0.6809686
0.3625582
0.6083898
0.454541
0.4058191
0.5423176
0.4462091
0.6598398
0.3422536
0.7346567
0.2068822
0.926135
0.05941993
1.476483
-0.3699193
1.615435
-0.4471896
0.9952679
0.5230368
1.175435
0.4473449
0.4271172
0.9667435
0.3156306
0.8638189
0.9447433
0.2367248
1.396384
0.03088755
1.756356
-0.5787909
0.7140876
0.2766587
0.8118042
0.2421979
1.200316
-0.05984855
1.683917
-0.5389441
1.163054
-0.04296349
1.539486
-0.2967651
1.847541
-0.1520568
0.06717344
1.508623
-0.3429056
1.655652
-0.4524017
0.7956366
0.5382418
0.6573319
0.610583
0.4954531
0.533049
0.4906286
0.3322743
0.5490223
0.3638081
0.7489719
0.2682345
1.003034
0.04820264
1.482821
-0.3612614
1.392033
-0.07367492
1.865532
-0.4907157
0.2954708
0.6306932
0.275235
0.9215001
0.09476508
1.362988
-0.1763287
1.886115
-0.3827708
0.2954487
0.6534477
0.2375779
0.9492894
0.06544408
1.441805
-0.2683705
1.811747
-0.4081613
0.3703286
0.458878
0.366954
0.5469092
0.406137
0.7162577
0.2984962
0.8827739
0.1308849
1.234022
-0.1584669
1.579863
-0.226579
1.851551
-0.256187
0.001780131
1.64099
-0.5005574
1.20841
-0.042084
1.661964
-0.5216869
1.255742
-0.1425644
1.490402
0.1589846
2.17582
0.2510643
0.1409988
1.938592
-0.2019016
-0.2086678
1.898705
0.4786898
0.221998
1.694751
-0.4377644
0.6412313
0.4736425
0.4619297
0.5382953
0.4729442
0.5670947
0.3880399
0.571414
0.3119575
0.6897161
0.2545841
1.008279
-0.0007018548
1.499859
-0.3512306
1.766267
-0.2835489
0.2995571
0.6540313
0.2436131
0.8048445
0.1955774
1.260265
-0.1806745
1.682369
-0.5330282
1.33714
-0.1893324
1.093369
1.46621
0.590642
0.6672324
0.4049064
0.7298837
0.9188281
0.05236544
1.446247
-0.3613688
1.620996
-0.4589453
1.03346
0.4286
1.347863
0.3089476
0.460893
0.8427573
0.5908993
0.4893808
0.6668106
0.3193399
0.6469784
0.2623812
0.7474163
0.2338316
1.158131
-0.1111402
1.606785
-0.4102227
1.69099
-0.1519628
0.1862085
0.9793631
0.4486427
1.182355
0.377215
0.6038595
1.191686
-0.1305863
1.63474
-0.4629262
1.576765
-0.1910495
0.4033723
0.5423801
0.4631521
0.3797545
0.5010145
0.4217855
0.6339006
0.3894126
0.7470017
0.2122911
0.9101045
0.0399133
1.477287
-0.3367924
1.3606
0.08893105
1.935473
-0.305472
0.05224968
1.62818
-0.4144944
1.000367
0.6389071
1.056215
0.614117
0.250674
0.769522
0.4022809
0.4418755
1.02848
0.1875063
0.9856435
1.327479
0.2937881
1.091306
1.60448
0.7883902
1.038186
0.05554542
0.5975783
0.9413031
0.1566696
1.014206
0.6575781
1.088342
0.6078911
0.2008459
0.6861718
0.4153683
0.3810245
0.8368713
0.344412
0.6040603
1.260197
-0.2144999
1.815931
-0.507827
0.628282
0.3944664
0.5254874
0.4387168
0.6535347
0.3618855
0.7414269
0.2090218
0.9145935
0.0487743
1.479493
-0.3849934
1.518277
-0.375752
1.3898
-0.07417252
1.910964
-0.3904285
0.1710453
1.126268
-0.08609311
1.603957
-0.3669162
1.705755
-0.2460314
0.2206387
0.8721726
0.2488718
1.150886
0.1302581
1.203225
1.45978
1.208188
0.9705233
0.444898
0.1227974
0.5551404
0.5649432
0.4226235
0.6956231
0.6114991
0.4501575
0.7719942
0.6850986
0.3256258
1.060035
-0.008779155
1.40056
0.1288344
2.109221
0.1603191
0.07305441
1.908914
-0.4396841
-0.3795699
1.895264
0.6615752
0.1885838
1.48439
0.6403464
1.964314
-0.5243166
-0.4380213
1.843222
1.020511
0.6192644
1.359126
0.43716
1.450336
0.2394398
1.517507
0.3284364
1.845989
-0.6890196
-0.09574485
1.890671
-0.02893169
0.4694444
0.4827129
0.3755724
0.4470853
0.4172511
0.5471894
0.4631701
0.6476107
0.3499099
0.6870712
0.2341727
0.8301325
0.1395497
1.324782
-0.2537087
1.666244
-0.5157239
1.297606
-0.1832525
1.390442
0.6638302
2.118561
0.4981796
0.3437725
1.949438
-0.6312886
-0.5144885
1.753956
1.214103
0.9884537
0.9793687
-0.1361166
0.1072038
0.7941543
1.535796
-0.4127056
1.428026
-0.2876213
1.161081
1.053406
1.27525
0.6026893
-0.1209776
0.4005619
0.6830953
0.9484999
-0.01425809
1.646477
-0.3269325
0.9447149
1.026848
0.4725392
1.059609
0.9319349
0.9839932
0.4385367
0.2544112
0.4470828
0.427609
0.421242
0.4485747
0.4314205
0.4342358
0.4514866
0.4377468
0.4458362
0.4568161
0.4468041
0.4589869
0.4662279
0.4606213
0.4778488
0.4836932
0.4849139
0.5117895
0.5197086
0.5347771
0.5830757
0.5884701
0.5973585
0.5942907
0.4037
0.4158905
0.4538275
0.4926964
0.5368876
0.5281974
0.5091471
0.4437268
0.4360969
0.409325
0.4825207
0.4688177
0.5799718
0.459321
0.5988552
0.3330973
0.5996896
0.2705109
0.7943828
0.1873794
1.222379
-0.1638511
1.698462
-0.5564402
1.24703
-0.1339497
1.277063
1.241742
1.570749
0.6884449
0.4195741
0.9128685
1.326927
0.306349
1.122853
1.583734
0.97849
1.071394
0.254194
0.1732185
0.5056607
0.7155093
0.3805433
0.6535243
1.048774
-0.02295522
1.52736
-0.4038609
1.686623
-0.2818934
0.4142926
0.4579004
0.3586434
0.4659101
0.3948806
0.5813468
0.4204784
0.725981
0.2624553
0.8644654
0.1261982
1.262257
-0.1261758
1.471598
0.323263
2.150028
0.1472952
0.05499455
1.924505
-0.06064118
-0.1192375
1.896834
0.06056346
-0.1331646
1.757169
-0.4060361
-0.1981611
1.853543
-0.4443376
0.4513085
0.3609401
0.4627265
0.4002476
0.5762358
0.4288291
0.7108221
0.2773381
0.8282141
0.1469024
1.175683
-0.07585549
1.530499
0.0254246
2.046723
-0.1161204
-0.1059443
1.938524
-0.1212179
-0.1857619
1.844686
-0.2399199
-0.1429705
1.820373
-0.5315903
0.4868246
0.3326102
0.5271335
0.3659493
0.7065556
0.308317
0.9420467
0.07129374
1.348015
-0.2917879
1.72232
-0.5258732
0.8602604
0.3579739
0.9617728
0.3211013
1.022082
1.046601
0.7082617
1.071123
0.3405479
0.771699
1.41522
-0.2598663
1.486467
-0.1830331
1.638516
-0.4409052
1.280247
-0.04406974
1.74912
-0.5583316
0.8439235
0.2905631
0.9849332
0.2035571
1.224198
0.720126
1.621828
0.4779328
-0.09681082
1.004095
1.61626
0.03797745
0.7259356
1.043982
-0.07553193
1.718668
-0.5146982
0.9602938
0.3054312
1.182831
0.124794
1.079171
1.680879
0.417407
0.8103324
0.3662082
0.6472001
0.5410154
0.3303735
0.7223067
0.2752424
1.025886
-0.002987749
1.50667
-0.407124
1.639368
-0.3607141
0.6509761
0.5659731
0.3610078
0.7058931
0.2612738
0.9539168
0.03178577
1.458485
-0.3758941
1.569138
-0.4242163
1.185576
0.299223
1.763022
0.09272829
0.1685009
1.201473
0.7170041
1.580325
0.5212439
-0.0993203
0.8794942
1.466963
-0.2161076
1.157733
1.234141
1.10835
0.7772199
-0.02975209
0.2506654
0.6174063
1.220231
-0.1562056
1.588008
-0.2917524
1.852961
-0.07463754
-0.01355069
1.662697
-0.4653447
1.320188
-0.1777777
1.528641
-0.02954593
2.069863
0.04773756
-0.02238764
1.898375
-0.3234742
-0.3075837
1.88711
0.2411928
-0.03494762
1.611856
-0.325131
1.108447
0.8633624
1.21377
0.6940776
-0.1425925
0.1938559
0.7840654
1.525509
-0.4208583
1.467371
-0.3135185
0.9859233
1.067091
0.6045476
0.8572315
0.8499433
0.4812153
0.5393837
1.0308
0.1562843
1.49199
-0.144778
0.9593285
1.512916
-0.01950466
0.871301
1.507192
-0.278591
1.180333
0.9055951
1.432414
0.6729766
-0.1442805
0.4953219
0.6311763
0.4059707
0.5192262
0.4510151
0.6306923
0.3837883
0.6910215
0.2409806
0.8120104
0.1227228
1.298289
-0.2328538
1.611689
-0.3969049
1.605616
-0.3331424
0.5584163
0.4689208
0.3569159
0.5399183
0.3934895
0.7151026
0.3020583
0.9044325
0.1112476
1.277758
-0.213787
1.615823
-0.3920703
1.607303
-0.3360832
0.5490995
0.457305
0.3625024
0.5209371
0.4059164
0.679787
0.3427155
0.8344381
0.1522226
1.10686
-0.1055578
1.700139
-0.554863
1.149904
-0.04503848
1.466992
-0.0007743749
2.09788
0.1216351
0.04590701
1.908561
-0.4146054
-0.3556397
1.906795
0.5447164
0.1160346
1.525182
0.2373991
1.646647
-0.235894
1.154367
1.079093
1.214802
0.8335429
-0.1643717
0.09186382
0.9402573
1.659136
-0.2057314
0.8916773
1.356478
-0.05794234
1.153582
1.632535
0.7441031
0.7376202
0.4408402
0.7615012
0.4691944
0.5669774
1.010744
0.1176691
1.582805
-0.07268953
0.7758065
1.248362
-0.1859388
1.607037
-0.3448791
1.714165
-0.2788106
0.2170628
0.88022
0.1845917
1.250138
0.02066654
1.253064
1.477339
1.385368
0.9493357
0.7832276
0.1556106
0.5108866
0.4065379
0.4444079
0.5099628
0.4193116
0.4800756
0.5191166
0.4369774
0.5351282
0.546659
0.4702587
0.6477604
0.6059402
0.4877616
0.7080306
0.5815912
0.341848
0.8397297
0.1907602
1.153889
0.03420606
1.747272
-0.3300052
0.6182481
0.5929562
0.3122753
0.7247564
0.2183407
1.061665
-0.05280045
1.596198
-0.4677358
1.532962
-0.2739924
0.7024172
0.7898793
0.1717961
1.193491
-0.1554549
1.71011
-0.5665945
1.175831
-0.07823675
1.38707
0.6102888
2.119032
0.4621656
0.2920573
1.92636
-0.5947908
-0.499049
1.774044
1.158888
0.8508818
1.099946
-0.05517014
0.3889775
0.722192
0.9913919
-0.04937214
1.712165
-0.4430425
0.8862346
0.6188548
0.7254366
0.7539239
0.3307442
0.7510135
1.168244
-0.1801735
1.807066
-0.5317815
0.658285
0.3717329
0.5850108
0.4102691
0.7644834
0.2390062
0.9379525
0.1218677
1.385089
-0.1460381
1.246797
1.252919
1.468656
0.8207089
0.3559899
0.5915714
1.098457
-0.02285863
1.543023
-0.4129517
1.6567
-0.2958376
0.4760066
0.4416172
0.3612801
0.4696495
0.4040361
0.5904526
0.4227988
0.7226699
0.2570618
0.8502146
0.1223533
1.258676
-0.1258764
1.481259
0.2733321
2.1392
0.09046134
0.0112555
1.920808
-0.02058516
-0.1143624
1.86752
-0.07767668
-0.2284122
1.764535
-0.2459998
-0.1484988
1.737605
-0.5713667
0.9715239
0.1511644
1.315614
-0.1959167
1.449921
0.2966805
2.144677
0.1799337
0.0722895
1.91717
-0.1756378
-0.2276101
1.863174
0.3305177
0.02896444
1.639805
-0.4140899
0.7633212
0.6267008
0.481847
0.7796992
0.2424714
0.8114236
0.3453141
0.8921216
0.3206455
1.063529
0.6143209
1.129832
0.4552137
0.3320178
0.8982041
0.424306
0.6552123
1.188903
-0.1899662
1.893101
-0.3234971
0.4183258
0.3989968
0.4125827
0.4537416
0.4888646
0.5398835
0.5242927
0.5184541
0.4354725
0.4480511
0.395573
0.4982409
0.4458493
0.6153875
0.4131547
0.6810164
0.2602608
0.7656664
0.1458959
1.181412
-0.1210331
1.598521
-0.2968939
1.78066
-0.2547041
0.08772055
1.330679
-0.1968048
1.883087
-0.3745073
0.3422961
0.5219032
0.3285738
0.6676785
0.3100659
0.9495761
0.05611891
1.360701
-0.214272
1.91047
-0.2761304
0.2405408
0.9501957
0.02536766
1.485585
-0.3962212
1.550168
-0.404513
1.161964
0.4530887
1.66483
0.2758648
0.0736526
1.12898
1.630005
0.6588946
0.7888791
0.299109
0.7723635
1.030242
0.09973642
1.261804
0.8128161
1.737513
0.5878878
0.03559816
1.223406
1.636211
1.233785
1.036135
0.9704448
-0.1549012
0.04850645
0.8514288
1.582393
-0.364918
1.226995
0.2634967
1.697808
-0.263393
0.3528983
0.5411089
0.3384734
0.5242257
0.3693026
0.6979888
0.3156528
0.9248425
0.08160194
1.313319
-0.2643289
1.758818
-0.5353093
0.7788782
0.3684624
0.7768805
0.38147
0.9595264
0.2705661
1.076815
-0.03847343
1.49808
-0.1749281
1.985188
-0.02063209
0.00836497
1.838966
-0.588113
0.2132645
0.9238784
0.1058373
1.425524
-0.2447177
1.77964
-0.5010202
0.5608087
0.3395732
0.5451096
0.3620364
0.7353069
0.2766754
0.9889221
0.04444484
1.458557
-0.3636732
1.496505
-0.323012
1.561268
-0.3962286
1.422531
-0.2320591
1.672126
-0.5134515
1.169295
-0.002885466
1.641922
-0.5006932
1.199526
-0.02809751
1.659941
-0.5193458
1.221315
-0.0960023
1.572223
-0.2785958
1.863325
-0.1028457
-0.001731686
1.66774
-0.4932377
1.253518
-0.1080968
1.607108
-0.364768
1.719654
-0.2154996
0.169178
1.037768
0.2011123
1.545476
0.01222247
0.6811994
1.013386
-0.05732498
1.73687
-0.3529666
0.7756248
0.8680355
0.219024
1.205175
0.1155362
1.737827
-0.3441388
0.5257751
0.4282043
0.3971647
0.4657002
0.4587077
0.5690129
0.476374
0.6025215
0.3503667
0.5908415
0.2748653
0.736394
0.2250552
1.131254
-0.09646953
1.604266
-0.4193637
1.669798
-0.1774734
0.2449493
0.8062036
0.4639219
0.7236462
0.5338001
0.6821605
0.474797
0.4169833
0.3947914
0.4377453
0.4550871
0.5296298
0.5130526
0.5646899
0.4289043
0.5125625
0.3467365
0.5410538
0.3638643
0.7219629
0.2863556
0.9682894
0.0514157
1.42018
-0.3435623
1.590852
-0.4453531
1.258456
0.02485231
1.830249
-0.3949467
0.403634
0.4073637
0.4067861
0.4663263
0.4789214
0.5615134
0.4940358
0.5591779
0.3817685
0.5155527
0.3333318
0.6154778
0.3333311
0.86193
0.1420118
1.21068
-0.07273612
1.849537
-0.3648248
0.4694585
0.3760651
0.436044
0.4107222
0.5248628
0.4678959
0.6303754
0.386829
0.6602475
0.2613451
0.7397394
0.1876543
1.154215
-0.1134759
1.608979
-0.376532
1.711874
-0.1984197
0.1712772
1.028648
0.2614217
1.478582
0.09297798
0.6655363
1.033071
-0.07038618
1.801397
-0.2385865
0.6066704
0.6278124
0.2683387
0.7911987
0.1624845
1.228805
-0.1836735
1.681296
-0.531311
1.342252
-0.1922534
1.082742
1.461633
0.5483329
0.6776414
0.4651212
0.6402042
0.8548056
0.09429052
1.36955
-0.1222787
1.282964
1.188796
1.650423
0.8501044
0.5014152
0.9643893
1.091382
0.6725203
0.6686482
0.7368187
0.3094478
0.8068634
1.048966
0.08626397
1.409716
0.3265788
2.053164
0.01250798
-0.06522299
1.886585
-0.240141
-0.2823962
1.844236
0.04282477
-0.1089101
1.665788
-0.4703195
1.025338
0.3869109
1.340409
0.2566736
0.5791234
1.014764
0.08671413
1.510314
-0.2643678
1.120419
1.11366
1.055892
0.776389
-0.09458015
0.1507813
0.6831267
1.368523
-0.3486045
1.77036
-0.3287006
0.3860322
0.4550778
0.3525223
0.506799
0.3955703
0.6618332
0.35957
0.8293981
0.1527008
1.091792
-0.09233936
1.73779
-0.49948
0.8945001
0.4229916
0.9279147
0.4186312
0.8413917
1.059635
0.106112
1.471726
0.1618689
1.984838
-0.3656114
-0.1608548
2.003733
-0.01251672
0.06005487
1.82989
-0.5955316
0.2834223
0.707485
0.2601228
1.072027
-0.04334825
1.530286
-0.3151548
1.842359
-0.1308669
0.08511686
1.463967
-0.2699419
1.762221
-0.4742825
0.5258556
0.342773
0.5136982
0.370948
0.6750004
0.3348238
0.8910506
0.1030499
1.239419
-0.1949739
1.829004
-0.4889253
0.5959466
0.3993476
0.490071
0.4384409
0.5999246
0.4223797
0.6760756
0.2709519
0.7639451
0.1490316
1.149463
-0.09163523
1.594429
-0.2948874
1.780841
-0.2648569
0.09837633
1.298292
-0.1803407
1.879587
-0.3900934
0.385684
0.4280356
0.398253
0.5026809
0.4597573
0.6183286
0.4157262
0.6594619
0.2734992
0.7127358
0.1886904
1.078716
-0.04183958
1.570038
-0.3237054
1.769825
-0.2558104
0.1619737
1.093353
0.002309685
1.738729
-0.2791137
0.6697506
0.7759338
0.1837396
1.094693
-0.08397632
1.696686
-0.5280353
1.073579
0.1045432
1.471837
-0.355302
1.390165
-0.0147586
1.951446
-0.3051434
0.06894454
1.605603
-0.3879912
1.017426
0.7338729
1.025782
0.6861262
0.128126
0.5451611
0.4034169
0.4400308
0.5601816
0.4105868
0.4974785
0.601383
0.4176768
0.6056988
0.7148358
0.3772396
0.7113919
1.038923
-0.09018951
1.780567
-0.418479
0.7128759
0.6393703
0.3603004
0.8532528
0.1383705
1.150259
-0.07238931
1.819134
-0.3522607
0.5656573
0.4837406
0.3803765
0.5281349
0.4031246
0.67259
0.3338969
0.8320115
0.1421738
1.136355
-0.1286355
1.717078
-0.5660154
1.105709
-0.003571172
1.446664
-0.1333059
2.009566
-0.03309645
0.03984497
1.855679
-0.5765212
0.1736942
1.055717
0.0173021
1.51879
-0.1382122
1.915118
-0.3047412
-0.003373018
1.734528
-0.4723436
0.7773117
0.5223828
0.6055809
0.6353575
0.4768428
0.5153102
0.4860828
0.3333583
0.5287671
0.3677637
0.7098475
0.3062254
0.943214
0.07251272
1.350902
-0.2939542
1.700615
-0.5270005
0.9563597
0.2769166
1.24254
0.1071344
1.048532
1.724378
0.2201906
0.7589979
0.6055684
0.3316803
0.8259502
0.1665221
1.170411
-0.08827927
1.787654
-0.4644165
0.6986301
0.5209165
0.4664361
0.6462378
0.3870733
0.681305
0.2611754
0.7400132
0.1880264
1.154991
-0.1142401
1.609334
-0.3775376
1.710775
-0.1976522
0.1722505
1.025108
0.2677123
1.465653
0.1022456
0.6730922
1.064768
-0.1002957
1.843303
-0.2514738
0.5381577
0.457256
0.3753496
0.5010422
0.4210281
0.6378479
0.3879802
0.752995
0.2087169
0.9181499
0.03360323
1.493637
-0.3489843
1.338929
0.108095
1.918132
-0.2977659
0.08038718
1.524024
-0.3782578
1.263678
0.2556976
1.879515
-0.01427609
0.07016638
1.592577
-0.3439585
1.528399
-0.3757343
1.221731
0.4483119
1.805035
0.2663549
0.01271364
1.447901
0.6530182
2.122819
0.2885551
0.1966555
1.969043
-0.2615052
-0.2391327
1.892101
0.6723317
0.4625302
1.641359
-0.2155061
0.9047126
1.346493
-0.009050852
1.123314
1.70715
0.5357766
0.7045754
0.417623
0.7558288
0.865041
0.08827696
1.451001
-0.3498838
1.471715
-0.2330078
1.766458
-0.504751
0.5316595
0.3265962
0.5462771
0.3515173
0.7449484
0.2686158
1.019668
0.02422328
1.509693
-0.4039014
1.434811
-0.2700572
1.583864
-0.3751846
1.582391
-0.3995584
0.8523301
0.7095682
0.5988054
0.8096249
0.3044232
0.71062
0.8976628
0.06182068
1.446833
-0.3594145
1.552179
-0.4054122
1.378762
-0.1436026
1.804469
-0.5494505
0.5771072
0.3161452
0.5914435
0.3346898
0.8380061
0.1779864
1.17141
-0.02537238
1.78287
-0.3912353
0.616987
0.528391
0.3771172
0.6132899
0.3371159
0.7965469
0.173042
1.122639
-0.09559397
1.736941
-0.51557
0.9145293
0.3545359
1.03532
0.2646452
1.031672
1.362819
0.5268194
1.087754
0.9193667
1.097101
0.211456
0.1554979
0.5400412
0.8349317
0.2848793
0.7379619
1.340913
-0.3279334
1.802216
-0.3340147
0.3727596
0.4703105
0.3447775
0.5401836
0.3813295
0.7253425
0.2933617
0.9398315
0.08845736
1.350608
-0.2721899
1.574081
-0.352365
1.631777
-0.412195
0.6852232
0.510296
0.477244
0.6036291
0.4203161
0.6128241
0.2976377
0.6471545
0.2487555
0.9412094
0.07216197
1.421444
-0.2492634
1.833304
-0.4045773
0.3479102
0.501627
0.3381113
0.6257439
0.3421723
0.8721664
0.130644
1.209186
-0.06572298
1.865668
-0.3155267
0.4207409
0.4015839
0.4036676
0.4533234
0.4738734
0.5469596
0.5098835
0.5512605
0.4092794
0.4959068
0.3504284
0.5597882
0.3704631
0.7524728
0.2561855
0.9980778
0.04803988
1.496192
-0.3483031
1.31898
0.1833169
1.928346
-0.1629985
0.03456891
1.713541
-0.5327929
0.8812568
0.3240392
1.050018
0.2485853
1.083956
1.339932
0.7775436
1.034365
0.09825012
0.5937941
1.136452
-0.07088621
1.80225
-0.3695285
0.6147191
0.5597515
0.3446364
0.6610276
0.2792053
0.9144203
0.07000504
1.376662
-0.2873571
1.787272
-0.4611478
0.5522814
0.3708054
0.4941961
0.3968957
0.6266678
0.3836363
0.7821654
0.1906066
0.9976648
-0.003305805
1.612489
-0.3652998
1.054828
0.7567982
1.105153
0.7003555
0.0137562
0.3550627
0.4725333
0.8777662
0.2634827
0.7294103
1.415242
-0.3893247
1.723782
-0.2577609
0.3348473
0.5748216
0.3156359
0.5857668
0.3368339
0.8280098
0.1888639
1.154472
-0.01774883
1.75554
-0.4025007
0.69192
0.6242128
0.3573022
0.8063018
0.1678855
1.093443
-0.06842452
1.735436
-0.4487194
0.839972
0.6162699
0.6126038
0.7922134
0.2892419
0.7302083
1.099969
-0.1037257
1.707545
-0.5555244
1.107531
0.006632748
1.474635
-0.2655553
1.880562
-0.2056274
0.1265294
1.379364
-0.2856167
1.668348
-0.5184665
1.159388
0.002587081
1.630072
-0.4923275
1.226681
-0.0567247
1.672531
-0.5288436
1.2486
-0.1387189
1.46313
0.3028807
2.202643
0.3348344
0.2268389
1.971422
-0.1825526
-0.123518
1.974242
0.527387
0.3862574
1.844119
-0.7705643
-0.2431233
2.108868
0.5240267
0.4178861
1.860143
-0.7845377
-0.2941001
2.130814
0.7189124
0.4778633
1.873909
-0.8394046
-0.4815861
2.016839
1.279118
0.7623069
1.695789
-0.4885835
0.3982917
0.4131702
0.4305435
0.4859186
0.5097077
0.5564121
0.4914096
0.5070971
0.3947183
0.464073
0.397097
0.5587466
0.4277513
0.6938057
0.3016045
0.8116678
0.1576898
1.1179
-0.06355071
1.584379
-0.2894165
1.788795
-0.2720233
0.1049002
1.28633
-0.1866003
1.861507
-0.4293243
0.4515842
0.3630971
0.4576011
0.4016332
0.5660949
0.4362993
0.6956964
0.2971647
0.7960617
0.1696171
1.084657
-0.02300291
1.550688
-0.210363
1.869408
-0.2750421
0.02411854
1.613823
-0.4726288
1.211595
0.02365836
1.732018
-0.4763828
