271.815
280.71
276.757
262.919
253.035
252.046
415.135
498.162
403.274
298.502
149.251
34.595
17.792
9.884
91.923
292.571
403.274
338.039
327.166
315.305
309.375
264.896
276.757
267.861
291.583
252.046
244.139
259.954
254.023
261.931
252.046
264.896
293.56
294.548
263.907
440.834
427.985
263.907
133.436
86.981
97.853
140.355
212.51
341.992
379.552
380.541
338.039
262.919
262.919
258.965
251.058
270.826
246.116
312.34
231.29
256
259.954
255.012
256
260.942
256.988
258.965
291.583
318.27
291.583
222.394
155.181
172.973
256.988
257.977
375.598
268.849
259.954
283.676
264.896
252.046
256
251.058
243.151
258.965
267.861
262.919
256
293.56
266.873
265.884
256
260.942
343.969
473.452
470.486
313.328
205.591
37.56
11.861
26.687
208.556
462.579
367.691
306.409
336.062
397.344
256
272.803
276.757
264.896
257.977
247.104
253.035
249.081
252.046
255.012
258.965
286.641
311.351
266.873
478.394
447.753
261.931
125.529
76.108
119.598
150.239
202.625
370.656
364.726
306.409
313.328
282.687
256
269.838
257.977
274.78
261.931
236.232
266.873
256.988
250.069
250.069
258.965
252.046
256.988
264.896
273.792
255.012
318.27
259.954
215.475
164.077
175.938
246.116
255.012
291.583
258.965
250.069
273.792
262.919
257.977
259.954
254.023
248.093
245.127
257.977
269.838
264.896
264.896
284.664
254.023
263.907
259.954
338.039
475.429
512.988
391.413
264.896
43.49
-7.907
0.988
104.772
222.394
433.915
343.969
315.305
245.127
299.49
295.537
268.849
257.977
256.988
261.931
251.058
254.023
248.093
256.988
260.942
259.954
299.49
270.826
470.486
444.788
267.861
172.973
75.12
49.421
125.529
216.463
324.201
424.031
489.266
316.293
296.525
259.954
265.884
278.734
267.861
264.896
244.139
254.023
255.012
255.012
249.081
251.058
250.069
250.069
256
267.861
264.896
330.131
290.595
210.533
199.66
152.216
177.915
231.29
262.919
332.108
228.324
258.965
271.815
258.965
261.931
258.965
248.093
251.058
258.965
267.861
267.861
259.954
272.803
263.907
253.035
296.525
331.12
431.938
512.988
342.981
229.313
46.456
3.954
-2.965
42.502
239.197
443.799
347.923
361.761
305.421
356.819
291.583
268.849
263.907
260.942
257.977
248.093
253.035
252.046
255.012
255.012
275.768
310.363
301.467
467.521
456.649
287.629
124.541
42.502
71.166
158.147
224.371
248.093
512.988
448.741
325.189
291.583
277.745
262.919
268.849
267.861
255.012
260.942
257.977
260.942
249.081
249.081
250.069
251.058
257.977
256.988
261.931
266.873
293.56
280.71
254.023
208.556
162.1
197.683
233.266
251.058
293.56
252.046
233.266
312.34
256.988
257.977
250.069
246.116
235.243
259.954
267.861
261.931
259.954
264.896
263.907
278.734
249.081
298.502
447.753
512.988
358.795
327.166
100.819
12.849
-16.803
32.618
231.29
364.726
314.317
269.838
308.386
377.575
275.768
285.652
306.409
252.046
256.988
251.058
256.988
249.081
249.081
256
259.954
290.595
287.629
353.853
450.718
294.548
98.842
30.641
26.687
87.969
187.799
235.243
512.988
313.328
366.703
284.664
257.977
251.058
249.081
264.896
272.803
325.189
219.429
212.51
284.664
250.069
256.988
258.965
252.046
256.988
255.012
279.722
296.525
307.398
235.243
192.741
157.158
155.181
211.521
256.988
322.224
225.359
251.058
279.722
267.861
257.977
265.884
249.081
247.104
263.907
268.849
270.826
263.907
262.919
235.243
272.803
304.432
409.205
512.988
475.429
356.819
171.985
20.757
-17.792
-9.884
108.726
213.498
414.147
357.807
276.757
279.722
334.085
272.803
284.664
284.664
254.023
256
256
251.058
254.023
256.988
261.931
275.768
308.386
297.514
470.486
386.471
210.533
143.32
44.479
31.629
113.668
246.116
271.815
512.988
327.166
336.062
293.56
277.745
276.757
285.652
261.931
237.22
248.093
282.687
249.081
252.046
252.046
250.069
249.081
266.873
256
268.849
265.884
286.641
269.838
230.301
204.602
153.205
182.857
237.22
269.838
291.583
228.324
309.375
260.942
258.965
252.046
249.081
243.151
252.046
276.757
280.71
276.757
252.046
260.942
295.537
384.494
418.1
484.324
426.008
305.421
