0
0
0.3
-0.12
0.3228
-0.2222659
0.1662967
0.1042655
0.2991563
-0.08636135
0.3549416
-0.3138315
-0.05313851
0.1926733
0.1108178
0.3004926
-0.08813498
0.3538982
-0.310912
-0.04493994
0.1973016
0.1048544
0.3078831
-0.1109063
0.334964
-0.2568759
0.09255817
0.1829578
0.1715575
0.2175382
0.1306272
0.2856319
-0.04154458
0.3776351
-0.3779687
-0.2533912
-0.1130237
0.164369
0.1400128
0.2578273
0.0317875
0.3726328
-0.3384547
-0.1227841
0.1281093
0.1865755
0.1759842
0.211444
0.1441552
0.2664564
0.01191772
0.3792741
-0.3677193
-0.2172329
-0.03053633
0.2304786
0.04294391
0.3605374
-0.2937239
0.005550481
0.2117391
0.09244247
0.3236422
-0.1610739
0.276017
-0.1038539
0.3324722
-0.2469989
0.1150354
0.1641456
0.208773
0.1458416
0.263373
0.02004761
0.3771363
-0.3577342
-0.1840699
0.03456502
0.2392036
0.04335054
0.3629911
-0.3018869
-0.01640246
0.2081784
0.09283407
0.3222354
-0.1567162
0.2820574
-0.118278
0.3193321
-0.2113572
0.1873309
0.07282614
0.3314489
-0.1908246
0.2295025
-0.003047236
0.3688074
-0.3356691
-0.1151685
0.1374016
0.1773465
0.1944454
0.1767618
0.2125248
0.1422501
0.269327
0.00416887
0.380717
-0.3751614
-0.2425998
-0.08720342
0.1917327
0.1022856
0.3086955
-0.1140146
0.3319452
-0.2484131
0.1116079
0.1673466
0.2027929
0.1582874
0.243915
0.06984513
0.3504089
-0.2520497
0.1086539
0.169292
0.1988505
0.1662605
0.2306565
0.1016001
0.3210249
-0.1504527
0.2906728
-0.1394256
0.2964842
-0.1520412
0.2810682
-0.1142759
0.3233786
-0.2222934
0.1664133
0.1040761
0.2993754
-0.08703011
0.3544662
-0.3124583
-0.04926761
0.1949351
0.1078878
0.3041616
-0.09936702
0.3451707
-0.28581
0.0223436
0.2119272
0.09710837
0.3195713
-0.1474547
0.2944045
-0.1487152
0.2851124
-0.1239635
0.3138213
-0.19678
0.2134419
0.02836456
0.360278
-0.2972251
-0.004182845
0.2107508
0.09147091
0.3241796
-0.1629899
0.2732805
-0.09741413
0.3376998
-0.2614162
0.08239731
0.1898917
0.1564446
0.2427513
0.07193519
0.3486769
-0.2457722
0.1227179
0.1559899
0.2232621
0.1141824
0.3061364
-0.1031031
0.3422331
-0.2775073
0.04328845
0.208003
0.1110821
0.3048178
-0.1002736
0.344523
-0.2839971
0.0269699
0.2114064
0.0995251
0.3171975
-0.1396755
0.304116
-0.1735067
0.2507469
-0.04546397
0.3655782
-0.3373271
-0.1213446
0.1300875
0.1846238
0.1799585
0.2042568
0.1592903
0.2428679
0.07252457
0.3483146
-0.2444168
0.1257096
0.152928
0.2285736
0.1020642
0.3199589
-0.1471247
0.2949745
-0.1501838
0.2832348
-0.1194244
0.3184136
-0.2089677
0.1917423
0.06573911
0.3373551
-0.2113844
0.1926841
0.06332452
0.3390919
-0.2175916
0.1807792
0.0822107
0.3226936
-0.1612823
0.2754189
-0.1023774
0.3337138
-0.250416
0.107476
0.1709701
0.1958326
0.1723225
0.2201729
0.1254749
0.2925801
-0.06183874
0.3699286
-0.3571716
-0.1843554
0.034243
0.2392213
0.04321427
0.3630515
-0.3021323
-0.0170762
0.2079995
0.09297939
0.3220557
-0.1561324
0.2828559
-0.1202078
0.3174238
-0.2062657
0.1966812
0.05759726
0.343523
-0.2334249
0.1487833
0.126669
0.2697581
-0.001589956
0.3809156
-0.377595
-0.2510892
-0.1074923
0.1707518
0.1316902
0.2702948
-0.00143629
0.3810788
-0.3781292
-0.2529242
-0.1119685
0.165617
0.1384075
0.2602875
0.02535763
0.3750855
-0.3489421
-0.1556904
0.08219971
0.2217612
0.09516248
0.3242675
-0.1621485
0.2745836
-0.1004932
0.3352469
-0.2546369
0.09798756
0.1788016
0.1802028
0.2020995
0.1634545
0.2359489
0.08923431
0.3336251
-0.1926563
0.2268773
0.001994219
0.3680446
-0.3315338
-0.1025215
0.1514901
0.162147
0.2227526
0.1170901
0.3028454
-0.09287786
0.3505976
-0.3014837
-0.01898548
0.2078728
0.09265258
0.3223008
-0.1569674
0.2817093
-0.1174376
0.3201521
-0.2135522
0.1832244
0.07926887
0.3256441
-0.1710916
0.261089
-0.0694423
0.3558229
-0.3116792
-0.04659145
0.196366
0.1060777
0.3063982
-0.1062827
0.3392047
-0.2688307
0.06450166
0.1999353
0.1328046
0.2776743
-0.01997268
0.3814407
-0.3849779
-0.277205
-0.1740924
0.07540046
0.2212412
0.09419764
0.3249641
-0.1645485
0.2711335
-0.09242707
0.3414738
-0.2718819
0.05748325
0.2030153
0.1249074
0.2880959
-0.04985758
0.3748285
-0.3706071
-0.2285162
-0.05487384
0.2173932
0.06299218
0.3467005
-0.2420416
0.1306175
0.1477698
0.2372843
0.08157977
0.3401274
-0.2153971
0.1855239
0.07475823
0.3295761
-0.1844679
0.2400736
-0.02430528
0.3692653
-0.3436235
-0.1402469
0.1051234
0.2063549
0.1328194
0.2795819
-0.024929
0.3809744
-0.3848058
-0.2767268
-0.1728043
0.07762907
0.2200361
0.09734793
0.3217866
-0.1540132
0.2858424
-0.1274979
0.3098927
-0.1864055
0.230815
-0.004541005
0.3691483
-0.3372911
-0.1201601
0.1314333
0.1833367
0.1825724
0.1994485
0.169133
0.2263399
0.1116676
0.3097102
-0.1141283
0.3321284
-0.2490152
0.1102652
0.1685562
0.200494
0.162977
0.2361945
0.08854976
0.3342667
-0.1948616
0.2230818
0.009302547
0.3665207
-0.3241172
-0.08028632
0.172684
0.1367552
0.2645293
0.01447316
0.3783812
-0.3637957
-0.2041066
-0.003549687
0.2387092
0.03301865
0.366525
-0.3170172
-0.05904196
0.1886271
0.1162466
0.2935262
-0.06719487
0.3669871
-0.3486631
-0.1572117
0.08006204
0.2229235
0.09210916
0.3272846
-0.1722382
0.259744
-0.06651728
0.3572753
-0.3156349
-0.05773586
0.1897535
0.1146494
0.2955852
-0.0733346
0.3635784
-0.3388835
-0.126856
0.1232369
0.191069
0.1666034
0.2277894
0.107837
0.314069
-0.1279659
0.3178027
-0.2097165
0.1900962
0.0684478
0.335165
-0.2036985
0.2069151
0.03909239
0.3549429
-0.2761997
0.05048034
0.2052482
0.1185523
0.2959862
-0.07327073
0.3637424
-0.339421
-0.1285081
0.1211069
0.1930022
0.1624995
0.2346723
0.09175138
0.3311162
-0.1841184
0.2411369
-0.0265881
0.3690421
-0.3435393
-0.1400439
0.1054142
0.2061301
0.1333393
0.2788687
-0.02291436
0.3812103
-0.3850403
-0.2774984
-0.1748705
0.0740453
0.2219529
0.09231917
0.3268127
-0.1707347
0.2620089
-0.07158094
0.3546915
-0.3085691
-0.03792881
0.2007158
0.1006161
0.3129713
-0.1269199
0.3187176
-0.2121202
0.1856387
0.07554256
0.3290604
-0.1826475
0.2430376
-0.03044152
0.3685867
-0.343128
-0.1388625
0.1070753
0.2048374
0.1363169
0.2747338
-0.01133874
0.3818202
-0.3837393
-0.2726478
-0.162027
0.09569276
0.2086587
0.1255283
0.2890633
-0.05227689
0.3739656
-0.3683176
-0.2208803
-0.03817302
0.2269358
0.04821553
0.357232
-0.2810705
0.03850012
0.2087617
0.10817
0.308025
-0.1103194
0.3356124
-0.258729
0.08829378
0.1860009
0.1650385
0.228691
0.1054469
0.3167184
-0.1364818
0.3080883
-0.1838969
0.2346088
-0.01202837
0.3697075
-0.3414653
-0.1332144
0.1147454
0.198592
0.1503761
0.2540504
0.04391854
0.3672139
-0.316106
-0.05614305
0.1904587
0.113876
0.2966214
-0.07643046
0.3617256
-0.3335409
-0.1106469
0.142805
0.1716374
0.2053644
0.1546767
0.2499598
0.05483016
0.3609583
-0.2915752
0.01154573
0.2119054
0.09391228
0.3224139
-0.1569296
0.2817986
-0.1176611
0.3199336
-0.2129668
0.1843241
0.07755823
0.3272259
-0.1764243
0.2529153
-0.05143593
0.3635282
-0.3321436
-0.1057653
0.1481542
0.1658386
0.2161015
0.1318188
0.2837415
-0.03616414
0.3790192
-0.3812417
-0.2645721
-0.1410318
0.1278085
0.1814604
0.1846792
0.1952749
0.1774531
0.211631
0.1442268
0.2664163
0.01203911
0.3792485
-0.3675922
-0.2168043
-0.02963019
0.2308616
0.04239121
0.3608724
-0.2950175
0.002096871
0.2114742
0.09192943
0.3240042
-0.1623218
0.2742422
-0.09967086
0.3359127
-0.2564755
0.09380201
0.1819962
0.1735684
0.214011
0.1383339
0.2749007
-0.01116153
0.3818888
-0.3839308
-0.2733134
-0.1637801
0.09282763
0.2106534
0.1207656
0.2951359
-0.07026119
0.3655031
-0.3445102
-0.144223
0.09957893
0.2104586
0.1231739
0.2923358
-0.06186232
0.3698417
-0.3568787
-0.1834054
0.03596118
0.2389434
0.0443499
0.3625041
-0.299938
-0.01107533
0.2094462
0.0919615
0.3233682
-0.1603909
0.2769593
-0.1060807
0.3305733
-0.2417914
0.1263442
0.1529692
0.2287052
0.1017958
0.3202538
-0.1480862
0.2937383
-0.1470762
0.287175
-0.1289804
0.3085181
-0.1828834
0.2364725
-0.01582148
0.3697736
-0.3428315
-0.1375573
0.1088479
0.2034428
0.1395059
0.2702107
0.001120542
0.3810574
-0.3772858
-0.2499575
-0.1047533
0.1738043
0.1276037
0.2761553
-0.01760705
0.3813999
-0.3841229
-0.2741484
-0.1659712
0.08920549
0.2130731
0.1148943
0.3023186
-0.092049
0.3511548
-0.3030601
-0.02326543
0.206556
0.09391525
0.3208065
-0.1521038
0.288276
-0.1334454
0.3033803
-0.1695517
0.2568578
-0.05875311
0.3609483
-0.3256165
-0.08650409
0.1673946
0.1432844
0.2544098
0.04093842
0.3685018
-0.3214219
-0.07157225
0.179668
0.1278855
0.2775784
-0.02120004
0.3811761
-0.3844045
-0.2752257
-0.1688175
0.08443539
0.2160845
0.1074322
0.3109642
-0.1190312
0.32717
-0.2352302
0.1399291
0.1380569
0.2530334
0.04262946
0.3674294
-0.3172316
-0.05940542
0.1883618
0.1166042
0.293058
-0.06580605
0.3677087
-0.3507204
-0.1637097
0.06971325
0.2282074
0.07788043
0.3401572
-0.2166015
0.1831049
0.07855839
0.3261315
-0.1727873
0.258514
-0.06370704
0.3586141
-0.3192645
-0.06808827
0.1825859
0.123998
0.2830235
-0.03661128
0.3786519
-0.3800773
-0.2605453
-0.1308144
0.1419785
0.1666855
0.2129346
0.1384137
0.2744747
-0.01004555
0.3818715
-0.3835342
-0.2718981
-0.1600603
0.09887382
0.2063604
0.1309339
0.2819043
-0.03157989
0.3799173
-0.3830472
-0.2707423
-0.1569873
0.1037673
0.2026548
0.139475
0.2700145
0.00160598
0.3809923
-0.3769089
-0.2486503
-0.1015986
0.1772343
0.1229312
0.2826473
-0.03593826
0.3787669
-0.3802819
-0.2612367
-0.1325595
0.1396262
0.1692532
0.2082035
0.1484821
0.2595754
0.03010745
0.3736425
-0.3424751
-0.1352567
0.1118838
0.2010058
0.1450163
0.262163
0.02276744
0.3762299
-0.3537315
-0.1710523
0.05733904
0.2333414
0.06311007
0.3514156
-0.2573674
0.09631406
0.1794999
0.1785332
0.2051042
0.1572439
0.2461449
0.06443239
0.3544696
-0.267031
0.07358156
0.1946242
0.1453077
0.2598537
0.02848064
0.3741707
-0.3448066
-0.1425763
0.101694
0.208966
0.1267298
0.287741
-0.04835724
0.3754097
-0.3721918
-0.2338352
-0.06682573
0.2090096
0.07608887
0.3356851
-0.2030344
0.2083317
0.03654658
0.3562665
-0.2813564
0.03746001
0.2090446
0.1073064
0.3089783
-0.1133235
0.3327632
-0.2507432
0.1064256
0.1719205
0.1939966
0.1759476
0.2137304
0.1396078
0.2731641
-0.006338026
0.3817618
-0.382031
-0.2665607
-0.1461975
0.1202878
0.188618
0.1700615
0.2216211
0.1218108
0.2972429
-0.07577231
0.3623795
-0.3355531
-0.1167337
0.1357425
0.1789917
0.1912119
0.1830749
0.2009537
0.1664714
0.2309601
0.1010095
0.3216744
-0.1525777
0.2878625
-0.1324757
0.3044596
-0.1723223
0.2527613
-0.04984187
0.3642354
-0.3340672
-0.1115335
0.1417279
0.1728016
0.2031698
0.15921
0.2426611
0.07296897
0.3479508
-0.2431016
0.1285928
0.149901
0.2337164
0.0900612
0.3322635
-0.1881772
0.2344294
-0.01291975
0.3695499
-0.341189
-0.1323815
0.1158606
0.1976417
0.1524678
0.2508092
0.05218244
0.3625354
-0.2976942
-0.00480795
0.2105839
