-4.898104
-5.209429
-5.54177
-5.896438
-6.274687
-6.677662
-7.10634
-7.561453
-8.043393
-8.55211
-9.086973
-9.646621
-10.22879
-10.83011
-11.4459
-12.06996
-12.69435
-13.3092
-13.90264
-14.46075
-14.96767
-15.40596
-15.75712
-16.00239
-16.12383
-16.10565
-15.9356
-15.60643
-15.11711
-14.47372
-13.68968
-12.78535
-11.78686
-10.72441
-9.630055
-8.535478
-7.469893
-6.458374
-5.520765
-4.671199
-3.918186
-3.265143
-2.711199
-2.252152
-1.881426
-1.590953
-1.37192
-1.215361
-1.112599
-1.055537
-1.036857
-1.050107
-1.089735
-1.151067
-1.230259
-1.324233
-1.430596
-1.547565
-1.673889
-1.808781
-1.951852
-2.103054
-2.262632
-2.431081
-2.609112
-2.797622
-2.99767
-3.210461
-3.437327
-3.679712
-3.939164
-4.217322
-4.515901
-4.836676
-5.181465
-5.552101
-5.950398
-6.378104
-6.836841
-7.328032
-7.852795
-8.411822
-9.005223
-9.632335
-10.2915
-10.97978
-11.69269
-12.42385
-13.16461
-13.90378
-14.62731
-15.31813
-15.95615
-16.51856
-16.98038
-17.31555
-17.49839
-17.50551
-17.31807
-16.92409
-16.32053
-15.51486
-14.52557
-13.38155
-12.12026
-10.78479
-9.420342
-8.070617
-6.77459
-5.56416
-4.462828
-3.485429
-2.638724
-1.922606
-1.331598
-0.8564213
-0.4854464
-0.2059045
-0.004838207
0.1302192
0.2107968
0.2472306
0.2485508
0.222473
0.1754555
0.1127985
0.03876395
-0.04329792
-0.1308232
-0.2219166
-0.3152445
-0.40994
-0.5055206
-0.6018178
-0.6989186
-0.7971168
-0.8968743
-0.9987898
-1.103576
-1.21204
-1.325075
-1.443649
-1.568803
-1.70165
-1.843378
-1.995251
-2.15862
-2.334927
-2.525713
-2.732629
-2.957443
-3.202052
-3.468484
-3.758907
-4.075633
-4.42111
-4.797921
-5.20876
-5.656409
-6.143688
-6.673393
-7.248203
-7.870551
-8.542455
-9.265291
-10.03951
-10.86425
-11.73693
-12.65264
-13.60356
-14.57824
-15.56087
-16.53057
-17.46087
-18.31949
-19.06864
-19.66606
-20.06706
-20.22762
-20.10854
-19.68037
-18.92836
-17.85664
-16.49058
-14.87639
-13.0778
-11.16998
-9.231861
-7.338244
-5.553102
-3.925152
-2.486055
-1.25102
-0.2211049
0.6135121
1.270064
1.770026
2.136556
2.392602
2.559659
2.657053
2.701628
2.7077
2.687188
2.649837
2.603495
2.554384
2.507371
2.466208
2.433752
2.41215
2.402997
2.407477
2.426469
2.460645
2.510545
2.576638
2.659377
2.759233
2.876735
3.01249
3.167208
3.341712
3.536951
3.754008
3.994102
4.258586
4.548944
4.866775
5.213781
5.591735
6.002445
6.447704
6.929219
7.448523
8.006854
8.605008
9.243152
9.920592
10.63549
11.38454
12.16259
12.96219
13.77321
14.58236
15.37283
16.12412
16.81197
17.40882
17.88455
18.20796
18.34874
18.28007
17.98152
17.44204
16.6625
15.65719
14.45401
13.09293
11.6229
10.09763
8.570803
7.091702
5.701675
4.431934
3.302845
2.32443
1.497776
0.8169519
0.2710399
-0.1539603
-0.4735326
-0.7034055
-0.8586832
-0.9532778
-0.9996018
-1.008446
-0.9889859
-0.948874
-0.8943729
-0.8305182
-0.7612829
-0.6897363
-0.6181915
-0.548339
-0.4813624
-0.4180403
-0.3588311
-0.3039455
-0.2534054
-0.2070934
-0.1647912
-0.1262116
-0.09102218
-0.05886461
-0.02936843
-0.002161302
0.02312396
0.04684477
0.06934625
0.09096014
0.1120051
0.1327875
0.1536037
0.174742
0.1964856
0.2191153
0.2429132
0.2681658
0.2951679
0.3242262
0.3556634
0.3898223
0.4270702
0.4678038
0.5124537
0.5614905
0.6154296
0.6748383
0.7403424
0.8126334
0.8924769
0.9807215
1.078308
1.186283
1.305805
1.438163
1.584788
1.747269
1.927368
2.127039
2.348445
2.593979
2.866282
3.16826
3.503106
3.874306
4.285655
4.741252
5.245487
5.80301
6.418668
7.097412
7.844142
8.663487
9.559493
10.53518
11.59196
12.72884
13.94142
15.22065
16.55132
17.91039
19.26519
20.57193
21.77462
22.80533
23.58617
24.03385
24.0673
23.61808
22.64248
21.13313
19.12678
16.70566
13.99042
11.12542
8.25964
5.527795
3.035802
0.8533688
-0.9863099
-2.481386
-3.653283
-4.53805
-5.178807
-5.620011
-5.903669
-6.067224
-6.142687
-6.156567
-6.130274
-6.080759
-6.021205
-5.961704
-5.909862
-5.871311
-5.850147
-5.849277
-5.870698
-5.915723
-5.985152
-6.079405
-6.198626
-6.342752
-6.511565
-6.704724
-6.921777
-7.162163
-7.425196
-7.710042
-8.015684
-8.340872
-8.684071
-9.043401
-9.416564
-9.800776
-10.19269
-10.58834
-10.98307
-11.37151
-11.74752
-12.10428
-12.4343
-12.72957
-12.98172
-13.18234
-13.32324
-13.39688
-13.39679
-13.31804
-13.15766
-12.91499
-12.592
-12.19334
-11.72631
-11.20063
-10.62795
-10.02134
-9.394597
-8.761548
-8.135405
-7.528183
-6.950271
-6.410145
-5.914247
-5.467001
-5.07095
-4.726979
-4.43458
-4.192146
-3.997259
-3.84696
-3.737978
-3.666929
-3.630472
-3.625422
-3.648836
-3.69807
-3.770804
-3.865059
-3.979191
-4.111879
-4.262105
-4.429124
-4.61244
-4.811769
-5.027012
-5.258214
-5.505534
-5.769208
-6.04951
-6.346709
-6.661032
-6.99261
-7.341426
-7.707261
-8.089626
-8.48769
-8.900204
-9.325414
-9.760977
-10.20387
-10.65029
-11.09561
-11.53428
-11.95982
-12.3648
-12.74095
-13.07924
-13.3701
-13.60374
-13.77053
-13.86147
-13.86874
-13.78625
-13.61025
-13.33977
-12.97697
-12.52735
-11.99959
-11.40535
-10.75861
-10.075
-9.370928
-8.662714
-7.965745
-7.2938
-6.658534
-6.069184
-5.532464
-5.052649
-4.631792
-4.27004
-3.965993
-3.717077
-3.519901
-3.370574
-3.264974
-3.198961
-3.168548
-3.170015
-3.199992
-3.2555
-3.33398
-3.433286
-3.551675
-3.687784
-3.8406
-4.009428
-4.193854
-4.393712
-4.609045
-4.840073
-5.087154
-5.350753
-5.631399
-5.929652
-6.246062
-6.581119
-6.935207
-7.308546
-7.701129
-8.112646
-8.542406
-8.989243
-9.451412
-9.926486
-10.41124
-10.90153
-11.3922
-11.87699
-12.34848
-12.79808
-13.21607
-13.59179
-13.91384
-14.17047
-14.35008
-14.4418
-14.43621
-14.32609
-14.10714
-13.77859
-13.34363
-12.80962
-12.1879
-11.49333
-10.7435
-9.957719
-9.155873
-8.357299
-7.579769
-6.838682
-6.146538
-5.512682
-4.943316
-4.441719
-4.008624
-3.642671
-3.340902
-3.099227
-2.912856
-2.776657
-2.685449
-2.634221
-2.618292
-2.633413
-2.675828
-2.742299
-2.830106
-2.937031
-3.061323
-3.201667
-3.357142
-3.527174
-3.711502
-3.910133
-4.123306
-4.351458
-4.595183
-4.855206
-5.132348
-5.427486
-5.741527
-6.075359
-6.429815
-6.805615
-7.203312
-7.62322
-8.065334
-8.529238
-9.013994
-9.518022
-10.03896
-10.57354
-11.11739
-11.66493
-12.20923
-12.74189
-13.253
-13.73119
-14.16371
-14.5368
-14.83602
-15.04695
-15.15589
-15.15086
-15.02253
-14.76525
-14.3779
-13.86447
-13.23433
-12.50201
-11.68647
-10.81005
-9.896994
-8.971946
-8.058413
-7.17747
-6.346792
-5.58009
-4.886925
-4.272877
-3.739966
-3.287241
-2.911435
-2.607622
-2.369815
-2.191485
-2.065968
-1.986782
-1.947849
-1.943637
-1.969246
-2.020439
-2.09364
-2.185909
-2.294899
-2.41881
-2.556333
-2.706594
-2.869105
-3.043715
-3.230565
-3.430049
-3.642776
-3.86954
-4.111291
-4.369106
-4.644162
-4.937715
-5.251065
-5.585531
-5.942409
-6.322936
-6.728232
-7.159238
-7.616644
-8.100789
-8.611552
-9.148222
-9.709338
-10.29251
-10.89425
-11.5097
-12.13249
-12.75448
-13.36564
-13.95389
-14.50513
-15.0034
-15.43118
-15.76999
-16.00121
-16.1072
-16.07257
-15.88564
-15.53986
-15.03497
-14.37782
-13.58256
-12.67012
-11.66703
-10.60361
-9.511794
-8.422929
-7.365701
-6.364549
-5.438641
-4.60146
-3.86094
-3.220025
-2.67749
-2.228893
-1.867528
-1.585277
-1.373349
-1.222843
-1.125177
-1.072371
-1.057226
-1.073412
-1.11549
-1.178892
-1.25987
-1.355429
-1.463251
-1.581616
-1.709329
-1.845651
-1.990233
-2.143062
-2.304412
-2.474804
-2.654972
-2.845833
-3.048465
-3.264088
-3.494047
-3.739801
-4.002907
-4.285011
-4.587832
-4.913147
-5.262768
-5.638515
-6.04218
-6.475476
-6.939978
-7.437035
-7.967674
-8.532463
-9.131352
-9.763477
-10.42693
-11.11847
-11.83325
-12.56446
-13.30298
-14.0371
-14.75221
-15.43071
-16.05206
-16.59306
-17.02862
-17.33281
-17.48045
-17.44909
-17.22127
-16.78678
-16.14465
-15.30451
-14.28688
-13.12231
-11.84933
-10.5114
-9.153352
-7.817856
-6.54238
-5.357048
-4.283541
-3.335008
-2.516794
-1.827693
-1.261475
-0.8084185
-0.4567065
-0.193584
-0.006245295
0.1175313
0.1889856
0.2181457
0.2137385
0.1831947
0.1327122
0.06736012
-0.008801562
-0.09259572
-0.1816057
-0.2740603
-0.3687298
-0.4648342
-0.5619638
-0.6600116
-0.7591168
-0.8596188
-0.9620198
-1.066956
-1.175175
-1.287519
-1.404916
-1.528372
-1.658965
-1.79785
-1.946259
-2.105506
-2.276993
-2.462218
-2.662782
-2.880402
-3.116911
-3.374276
-3.654595
-3.960105
-4.293183
-4.656336
-5.052188
-5.483459
-5.952927
-6.463366
-7.017471
-7.617744
-8.266341
-8.964878
-9.714164
-10.51387
-11.36214
-12.25505
-13.18604
-14.14528
-15.1189
-16.08832
-17.02966
-17.91335
-18.70424
-19.36229
-19.84415
-20.1058
-20.10619
-19.81184
-19.20174
-18.27185
-17.0383
-15.53817
-13.82747
-11.97619
-10.06135
-8.159232
-6.338074
-4.652782
-3.142007
-1.827746
-0.7169549
0.1955908
0.9239154
1.487564
1.908808
2.210498
2.414556
2.541059
2.607751
2.629894
2.62032
2.589617
2.546374
2.497455
2.448265
2.403001
2.364876
2.33632
2.319146
2.314694
2.323957
2.347676
2.386426
2.440685
2.51089
2.597479
2.70093
2.821787
2.960685
3.118366
3.295696
3.49367
3.713419
3.956217
4.223474
4.516732
4.837655
5.188012
5.569647
5.984442
6.434267
6.920911
7.445988
8.010817
8.616274
9.262596
9.949145
10.67412
11.43421
12.22422
13.0366
13.861
14.68385
15.48792
16.25214
16.95154
17.55771
18.03957
18.36494
18.50255
18.4248
18.11079
17.54947
16.74219
15.70433
14.46537
13.06719
11.56082
10.00188
8.445663
6.942521
5.534295
4.252168
3.116033
2.135137
1.309642
0.6326524
0.09234869
-0.3260559
-0.6386884
-0.8617782
-1.010794
-1.099898
-1.141667
-1.146984
-1.125066
-1.083571
-1.02875
-0.965612
-0.8980995
-0.8292523
-0.7613586
-0.6960907
-0.6346233
-0.5777357
-0.5258982
-0.4793443
-0.4381308
-0.4021867
-0.3713529
-0.3454136
-0.3241215
-0.307217
-0.2944427
-0.2855552
-0.2803327
-0.2785809
-0.2801373
-0.2848741
-0.2926997
-0.3035601
-0.3174396
-0.3343617
-0.3543892
-0.3776255
-0.4042149
-0.4343442
-0.4682442
-0.5061919
-0.5485125
-0.5955833
-0.6478365
-0.7057644
-0.7699239
-0.8409422
-0.9195243
-1.006459
-1.10263
-1.209021
-1.326732
-1.456986
-1.601142
-1.760714
-1.937381
-2.133003
-2.349643
-2.589578
-2.855321
-3.149639
-3.475564
-3.83641
-4.235778
-4.677559
-5.165917
-5.705262
-6.300196
-6.955421
