18.59954
18.299
18.0256
17.78142
17.56884
17.39059
17.24977
17.14988
17.09487
17.08911
17.13742
17.24506
17.41765
17.66109
17.98146
18.38476
18.87664
19.46208
20.14486
20.92705
21.80836
22.78547
23.85133
24.99461
26.19926
27.44446
28.70487
29.95144
31.15269
32.27649
33.29207
34.17218
34.89497
35.44554
35.81666
36.00888
36.02981
35.8929
35.61577
35.21857
34.72229
34.14744
33.51301
32.83589
32.13044
31.40854
30.67966
29.95114
29.22847
28.51566
27.81552
27.12994
26.46012
25.80678
25.17028
24.55076
23.94823
23.36262
22.79382
22.24173
21.70628
21.18742
20.68518
20.19965
19.73099
19.27945
18.84537
18.42921
18.03156
17.65313
17.29484
16.95775
16.64316
16.35262
16.08798
15.85138
15.64537
15.4729
15.33739
15.2428
15.19365
15.19509
15.25291
15.3736
15.56426
15.83262
16.18686
16.63542
17.18672
17.84869
18.62818
19.53023
20.55715
21.70747
22.9749
24.34723
25.80555
27.32381
28.86902
30.40228
31.88055
33.25944
34.49634
35.55391
36.40313
37.0256
37.41459
37.57483
37.52109
37.27584
36.86652
36.32277
35.67402
34.94769
34.16796
33.35518
32.52576
31.69238
30.86447
30.04865
29.2494
28.46946
27.71034
26.97267
26.25644
25.56131
24.88667
24.23183
23.59603
22.97853
22.37864
21.79571
21.22914
20.6784
20.14302
19.62258
19.1167
18.62507
18.1474
17.68347
17.23306
16.79605
16.37233
15.96184
15.56461
15.18069
14.81024
14.45348
14.11074
13.78248
13.46926
13.17184
12.89115
12.62833
12.38482
12.16234
11.96299
11.78932
11.64435
11.53174
11.45579
11.42162
11.43526
11.50373
11.63521
11.83905
12.12594
12.50778
12.99769
13.60974
14.35852
15.25845
16.32284
17.56249
18.98392
20.58731
22.36414
24.29489
26.34725
28.47522
30.61976
32.71142
34.67505
36.43631
37.92908
39.10242
39.92586
40.39173
40.51441
40.32665
39.87394
39.20835
38.38276
37.44641
36.442
35.40428
34.35993
33.32819
32.32203
31.34936
30.41432
29.51837
28.66117
27.84124
27.05652
26.30469
25.5834
24.89042
24.22373
23.58153
22.96227
22.36463
21.78751
21.23002
20.69141
20.17113
19.66875
19.18397
18.71664
18.26671
17.83426
17.4195
17.02278
16.64461
16.28566
15.94679
15.62908
15.33387
15.06277
14.81773
14.60107
14.41555
14.26442
14.15147
14.08113
14.05852
14.08949
14.18071
14.33968
14.57469
14.89484
15.30981
15.82968
16.46454
17.22391
18.11607
19.14701
20.31933
21.63089
23.07336
24.63098
26.27951
27.98587
29.70862
31.39956
33.00646
34.47681
35.7622
36.82259
37.62989
38.17012
38.44388
38.46513
38.25849
37.85585
37.29268
36.60482
35.82585
34.98544
34.10846
33.21474
32.31939
31.43336
30.56414
29.71652
28.89318
28.09536
27.32324
26.57636
25.85384
25.15462
24.47754
23.82145
23.18526
22.56795
21.9686
21.38638
20.82053
20.27039
19.73535
19.21485
18.70841
18.21555
17.73586
17.26893
16.8144
16.3719
15.94111
15.5217
15.11336
14.7158
14.32873
13.95187
13.58496
13.22773
12.87994
12.54135
12.21171
11.89081
11.57842
11.27434
10.97836
10.69028
10.40993
10.13713
9.871706
9.613519
9.362423
9.118293
8.881019
8.650512
8.4267
8.209542
7.999024
7.795167
7.598037
7.407751
7.224486
7.048498
6.880131
6.719843
6.568228
6.426044
6.294254
6.174071
6.067011
5.974962
5.900265
5.845818
5.81519
5.812766
5.843917
5.915195
6.03456
6.211626
6.457942
6.787258
7.215784
7.762384
8.448637
9.298678
10.33869
11.59587
13.09668
14.86419
16.91439
19.25139
21.86197
24.70996
27.73185
30.83516
33.90133
36.79424
39.37442
41.51659
43.12711
44.15696
44.60664
44.52217
43.98372
43.09059
41.94618
40.64621
39.27122
37.88353
36.52744
35.23148
34.01169
32.87482
31.82133
30.84774
29.94837
29.11664
28.34586
27.6297
26.96254
26.33951
25.75656
25.21042
24.69853
24.21896
23.77036
23.35188
22.96308
22.60394
22.27476
21.97617
21.70907
21.47464
21.27432
21.10975
20.98284
20.89564
20.85041
20.84954
20.89549
20.99076
21.13779
21.33885
21.59596
21.91065
22.28389
22.71582
23.20556
23.751
24.34858
24.99313
25.6777
26.39354
27.13015
27.87541
28.61591
29.33737
30.02518
30.66502
31.24358
31.74913
32.17211
32.50557
32.74538
32.8903
32.94181
32.90383
32.78229
32.58461
32.3192
31.99497
31.62092
31.20574
30.75762
30.28403
29.79166
29.28637
28.77323
28.25656
27.74001
27.22666
26.7191
26.21951
25.72973
25.25138
24.78586
24.33445
23.89835
23.4787
23.07663
22.69329
22.3299
21.98772
21.66811
21.37257
21.1027
20.86027
20.6472
20.46562
20.3178
20.20623
20.1336
20.10273
20.11663
20.1784
20.2912
20.45816
20.68228
20.96629
21.31246
21.72245
22.19702
22.7358
23.33703
23.99726
24.71113
25.47118
26.26774
27.08898
27.92105
28.74845
29.55455
30.32224
31.03478
31.67657
32.23402
32.69619
33.05539
33.30738
33.45143
33.49009
33.42876
33.2751
33.03843
32.729
32.35746
31.93431
31.46953
30.97232
30.45089
29.91244
29.36315
28.80822
28.252
27.69805
27.14931
26.60818
26.07661
25.55623
25.04843
24.55438
24.07515
23.61173
23.16506
22.73609
22.3258
21.93524
21.56551
21.21785
20.8936
20.59427
20.32153
20.07722
19.86342
19.68242
19.53672
19.4291
19.36258
19.34039
19.36601
19.44308
19.57535
19.7666
20.02053
20.34057
20.72971
21.19024
21.72344
22.32931
23.00616
23.7503
24.5557
25.41373
26.31305
27.23957
28.17673
29.10594
30.00723
30.86019
31.645
32.34351
32.94028
33.42345
33.78528
34.02246
34.13599
34.13073
34.01477
33.79864
33.49438
33.11477
32.6726
32.18011
31.64857
31.08804
30.50726
29.91367
29.31341
28.71153
28.11209
27.51828
26.93267
26.35724
25.79356
25.24288
24.70624
24.18449
23.67839
23.18864
22.71595
22.26102
21.8246
21.40752
21.01069
20.63514
20.28204
19.95272
19.64868
19.37165
19.12354
18.90657
18.72318
18.57615
18.46855
18.40378
18.38554
18.41787
18.50508
18.65168
18.86235
19.14172
19.49428
19.92411
20.43457
21.02795
21.7051
22.4649
23.30384
24.21553
25.19035
26.21519
27.27342
28.34514
29.40774
30.43682
31.40735
32.29507
33.07804
33.7379
34.26109
34.63952
34.8708
34.95798
34.90888
34.73507
34.45074
34.07152
33.61341
33.09195
32.52154
31.91503
31.28354
30.63643
29.98134
29.32439
28.67036
28.02294
27.38487
26.75822
26.1445
25.54478
24.95989
24.3904
23.83678
23.29942
22.77869
22.27492
21.78852
21.31993
20.86964
20.43827
20.02653
19.63525
19.26543
18.91822
18.59498
18.29729
18.02696
17.78611
17.57715
17.40285
17.26634
17.17116
17.12129
17.12115
17.17558
17.28987
17.46966
17.72083
18.04944
18.46143
18.96235
19.55703
20.24905
21.04022
21.9299
22.91439
23.98618
25.13347
26.33973
27.58371
28.83972
30.07852
31.26865
32.37818
33.3768
34.2379
34.94043
35.47036
35.82131
35.99461
35.99849
35.84679
35.5574
35.15047
34.64689
34.06693
33.42932
32.7506
32.04483
31.3236
30.59612
29.86951
29.14912
28.4388
27.74128
27.05837
26.39123
25.74055
25.10668
24.48976
23.8898
23.30672
22.74043
22.19084
21.65789
21.14155
20.64187
20.15895
19.69297
19.2442
18.81301
18.39989
18.00544
17.63042
17.27578
16.94262
16.6323
16.34642
16.08688
15.8559
15.65611
15.49053
15.36269
15.27665
15.23703
15.24909
15.31875
15.45258
15.65778
15.94213
16.31384
16.78131
17.35282
18.03605
18.83748
19.7616
20.80996
21.98017
23.26479
24.65034
26.11658
27.63616
29.175
30.69346
32.14833
33.4956
34.69379
35.70725
36.50914
37.08341
37.42566
37.54265
37.45068
37.17319
36.73798
36.1746
35.51198
34.7768
33.9924
33.17825
32.34996
31.51951
30.69572
29.88479
29.09083
28.31634
27.56266
26.8303
26.11921
25.429
24.75907
24.10871
23.47719
22.8638
22.26786
21.68874
21.12586
20.57873
20.04689
19.52992
19.02749
18.53929
18.06506
17.60458
17.1577
16.72427
16.30424
15.89758
15.50434
15.12463
14.75865
14.40668
14.06912
13.7465
13.43949
13.14893
12.8759
12.62169
12.38791
12.17649
11.98978
11.83059
11.70229
11.6089
11.55516
11.54667
11.59
11.69277
11.86377
12.11304
12.45187
12.89274
13.4492
14.13546
14.96588
15.95413
17.11195
18.44763
19.96404
21.65643
23.51016
25.49863
27.58203
29.70726
31.80973
33.81709
35.65498
37.25399
38.55686
39.52448
40.13952
40.40692
40.35154
40.0133
39.44125
38.68764
37.80297
36.83238
35.81374
34.77691
33.74413
32.73091
31.74724
30.79886
29.88839
29.01627
28.18155
27.38249
26.61692
25.88255
25.17713
24.49859
23.84506
23.21491
22.60673
22.01933
21.45173
20.90311
20.37284
19.8604
19.36543
18.88767
18.42699
17.98338
17.55694
17.1479
16.75663
16.38364
16.02962
15.69545
15.38221
15.09127
14.82425
14.58312
14.37025
14.18843
14.04094
13.93166
13.86508
13.84641
13.88164
13.97758
14.14189
14.38309
14.71051
15.13413
15.66432
16.31153
17.08562
17.99518
19.04649
20.24233
21.58055
23.05262
24.64227
26.32445
28.0649
29.82071
31.542
33.17481
34.66509
35.96322
37.02851
37.83287
38.36298
38.62063
38.62132
38.39137
37.96428
37.37694
36.66626
35.86656
35.00792
34.11536
33.20864
32.30268
31.40818
30.53233
29.67959
28.85242
28.05177
27.27764
26.52939
25.80601
25.10631
24.42906
23.77304
23.1371
22.52019
21.92136
21.33974
20.77456
20.22514
19.69087
19.17118
18.66557
18.17358
17.69476
17.22873
16.77511
16.33353
15.90367
15.4852
15.07781
14.68121
14.2951
13.91923
13.55332
13.19711
12.85036
12.51285
12.18432
11.86458
11.55342
11.25063
10.95603
10.66944
10.39072
10.11971
9.856283
9.600331
9.351766
9.110527
8.876581
8.649932
8.430624
8.218754
8.014476
7.81802
7.629702
7.449945
7.279302
7.118485
6.968397
6.830176
6.705245
6.595378
6.502772
6.430141
6.380823
6.358915
6.369424
6.418451
6.513393
6.663176
6.878504
7.172115
7.559025
8.056712
8.685203
9.466972
10.42653
11.58958
12.98156
14.62534
16.53805
18.72689
21.18412
23.88184
26.76749
29.76139
32.75808
35.63254
38.25183
40.49058
42.24774
43.4604
44.11131
44.22819
43.87548
43.14136
42.12344
40.91634
39.60308
38.25047
36.90814
35.60986
34.37626
33.21783
32.13789
31.13501
30.20494
29.34199
28.54
27.79292
27.09522
26.442
25.82913
25.25321
24.71151
24.20196
23.72304
23.27373
22.85347
22.46205
22.09966
21.76679
21.46422
21.19305
20.9546
20.7505
20.58259
20.45298
20.364
20.31818
20.31824
20.367
20.46738
20.62228
20.83446
21.10644
21.44031
21.83755
22.29877
22.82351
23.40994
24.05459
24.75218
25.49537
26.27471
27.07864
27.89368
28.70474
29.49562
30.24969
30.9506
31.58311
32.13386
32.59208
32.95006
33.20345
33.35128
33.39579
33.342
33.19717
32.9702
32.67099
32.30985
31.89702
31.44228
30.95466
30.4423
29.91234
29.37094
28.82332
28.27385
27.72615
27.18321
26.64746
26.12094
25.60532
25.10202
24.61228
24.13721
23.67783
23.23513
22.81009
22.40372
22.01708
21.65133
21.30771
20.98759
20.69249
20.4241
20.18428
19.97511
19.79887
19.65807
19.55547
19.49405
19.47702
19.50779
19.58991
19.72705
19.92286
20.18087
20.50434
20.89603
21.35799
21.89123
22.49546
23.16871
23.90701
24.7041
25.55117
26.43681
27.34697
28.26527
29.17346
30.05207
30.88131
31.64211
32.31708
32.89157
33.35443
33.69851
33.92095
34.02296
34.00947
33.88848
33.67023
33.36645
32.9895
32.55177
32.06507
31.54031
30.98723
30.41431
29.82876
29.2366
28.64274
28.05118
27.4651
26.88701
26.31893
25.76244
25.21882
24.68914
24.1743
23.67509
23.19227
22.72659
22.27879
21.84968
21.44014
21.05114
20.68376
20.33924
20.01895
19.72448
19.45759
19.2203
19.01486
18.8438
18.70994
18.61641
18.56664
18.56436
18.6136
18.71861
18.88383
19.11377
19.41285
19.78524
20.2346
20.76378
21.37442
22.06659
22.83831
23.68511
24.59964
25.5713
26.58614
27.62691
28.67336
29.70296
30.69179
31.6158
32.45218
33.18074
33.78512
34.2538
34.5806
34.76477
34.8106
34.72671
34.525
34.21958
33.82566
33.35862
32.83318
32.2629
31.65983
31.03432
30.39506
29.74915
29.10227
28.45887
27.82236
27.19535
26.57978
25.97708
25.38834
24.81434
24.25571
23.71296
23.18652
22.67681
22.18426
21.70932
21.25252
20.81445
20.39581
19.99743
19.62024
19.26537
18.93412
18.62797
18.34869
18.09825
17.87896
17.69344
17.54466
17.43597
17.37113
17.35431
17.3901
17.4835
17.63985
17.86477
18.164
18.54325
19.00793
19.5628
20.21152
20.95622
21.79682
22.73045
23.75083
24.84767
26.00631
27.20754
28.42788
29.64019
30.81481
31.92114
32.92947
33.81301
34.54969
35.12369
35.5263
35.75617
35.81881
35.72555
35.49211
35.13704
34.68013
34.14109
33.53849
32.88909
32.20739
31.50555
30.79342
30.07877
29.36753
28.66411
27.9717
27.29251
26.62803
25.97921
25.34661
24.73056
24.13119
23.54854
22.98261
22.43339
21.90088
21.38513
20.88623
20.40434
19.9397
19.49263
19.06357
18.65306
18.2618
17.89061
17.54051
17.21272
16.90869
16.63011
16.37902
16.15776
15.96907
15.81612
15.70257
15.6326
15.61096
15.64298
15.73464
15.89248
16.12363
16.43567
16.83643
17.3338
17.93528
18.64754
19.4757
20.42263
21.48794
22.66707
23.95029
25.32187
26.75961
28.23479
29.71282
31.15467
32.51899
33.76496
34.8553
35.7593
36.45519
36.93162
37.18802
37.23378
37.08644
36.76944
36.30949
35.7343
35.07054
34.34254
33.57135
32.77449
31.9659
31.15629
30.35353
29.56318
28.78892
28.03305
27.29682
26.58073
25.8848
25.20875
24.55209
23.91426
23.29464
22.69264
22.10771
21.53932
20.98702
20.45039
19.92908
19.42279
18.93128
18.45436
17.99187
17.54376
17.10998
16.6906
16.28573
15.89556
15.52042
15.1607
14.81694
14.48984
14.18027
13.8893
13.61825
13.36872
13.14265
12.94236
12.77064
12.6308
12.52674
12.46308
12.44521
12.47941
12.57292
12.73403
12.97212
13.29765
13.72206
14.25762
14.91707
15.71304
16.65731
17.75964
19.02647
20.4591
22.0519
23.7903
25.64922
27.59201
29.57062
31.52717
33.39723
35.11466
36.61756
37.85428
38.78857
39.4028
39.6987
39.69555
39.4264
38.93321
38.26174
37.45719
36.5609
35.60832
34.62818
33.64251
32.66726
31.71329
30.78736
29.89314
29.03211
28.20423
27.40852
26.64345
25.90725
25.19807
24.51414
23.8538
23.21558
22.59814
22.00035
21.42121
20.85988
20.31562
19.78782
19.27596
18.77961
18.29842
17.8321
17.38044
16.94329
16.52059
16.11235
15.71864
15.33965
14.97567
14.62709
14.29447
13.9785
13.68007
13.4003
13.14056
12.90251
12.68819
12.50005
12.34099
12.21451
12.12475
12.07658
12.07573
12.12884
12.24363
12.4289
12.69462
13.0519
13.51292
14.09066
14.79853
15.64977
16.65652
17.82858
19.17189
20.68661
22.36508
24.18978
26.13167
28.14937
30.18959
32.18931
34.07974
35.79196
37.26336
38.44403
39.30176
39.82471
40.02129
39.91748
39.55219
38.97179
38.22489
37.35794
36.41228
35.42243
34.41563
33.41219
32.42635
31.46737
30.54062
29.64867
28.7921
27.97019
27.18146
26.42404
25.69592
24.99509
24.3197
23.66804
23.03862
22.43012
21.84143
21.27159
20.71981
20.18542
19.66787
19.16672
18.68164
18.21238
17.75877
17.32075
16.89835
16.49167
16.10095
15.72654
15.36893
15.02875
14.70683
14.40419
14.12211
13.86215
13.62617
13.41646
13.2357
13.08711
12.9745
12.90233
12.87582
12.90101
12.9849
13.13542
13.36156
13.67328
14.08147
14.59776
15.23417
16.00256
16.91395
17.97744
19.19891
20.57946
22.11364
23.78771
25.57809
27.45048
29.35988
31.25205
33.06644
34.74055
36.21534
37.44083
38.38092
39.01659
39.3469
39.38758
39.16784
38.72594
38.10455
37.34652
36.49165
35.57465
34.62407
33.66222
32.7056
31.76572
30.85005
29.96295
29.10648
28.28113
27.48634
26.72093
25.98339
25.27208
24.58539
23.92176
23.27979
22.65821
22.05588
21.47184
20.90521
20.35526
19.82134
19.30287
18.79937
18.31042
17.83564
17.37471
16.92737
16.4934
16.07263
15.66494
15.27028
14.88864
14.52008
14.16476
13.82292
13.49489
13.18114
12.88229
12.59911
12.3326
12.08397
11.85473
11.64673
11.46219
11.30382
11.17487
11.07921
11.02148
11.00715
11.04268
11.13563
11.29475
11.53013
11.8532
12.27676
12.81482
13.48235
14.29476
15.26712
16.41301
17.74294
19.26238
20.96944
22.85229
24.88682
27.03485
29.24365
31.44722
33.56982
35.53173
37.25676
38.68019
39.75587
40.46078
40.79637
40.78634
40.47173
39.90447
39.1407
38.23513
37.23693
36.18737
35.11899
34.05595
33.01497
32.00675
31.03727
30.10913
29.22259
28.37641
27.56852
26.79641
26.05751
25.3493
24.6695
24.01605
23.38718
22.78139
22.19744
21.63431
21.0912
20.56749
20.06273
19.57664
19.10908
18.66005
18.22972
17.81839
17.42652
17.05476
16.70395
16.37515
16.06965
15.78906
15.53527
15.31055
15.11758
14.95951
14.84001
14.76333
14.73435
14.75863
14.84248
14.99291
15.21766
15.52511
15.92412
16.42382
17.0332
17.76065
18.6132
19.59574
20.70988
21.95284
23.31621
24.78488
26.33615
27.93956
29.55728
31.14559
32.65728
34.04488
35.26439
36.27906
37.06245
37.60047
37.89189
37.94744
37.78771
37.44023
36.93633
36.30827
35.58687
34.79985
33.97089
33.11933
32.26022
31.40484
30.56119
29.73465
28.92857
28.14477
27.38401
26.6463
25.93121
25.238
24.56582
23.91375
23.2809
22.66641
22.06949
21.48942
20.92553
20.37724
19.84402
19.32538
18.8209
18.33017
17.85286
17.38862
16.93718
16.49827
16.07166
15.65714
15.25454
14.86373
14.48459
14.11708
13.76117
13.41691
13.08441
12.76386
12.45551
12.15974
11.87706
11.60811
11.35371
11.1149
10.89295
10.68944
10.50631
10.34592
10.21111
10.10533
10.03273
9.998265
10.00783
10.06843
10.18827
10.37697
10.64561
11.00686
11.47498
12.06565
12.79572
13.6826
14.74338
15.99344
17.44465
19.10295
20.96559
23.01809
25.23147
27.5603
29.94233
32.30047
34.54755
36.59375
38.35576
39.7662
40.7813
41.38525
41.5902
41.43229
40.96478
40.25005
39.35204
38.3303
37.23615
36.11089
34.98563
33.88227
32.81495
31.79178
30.8164
29.88941
29.0094
28.17387
27.37974
26.6238
25.90294
25.21433
24.55546
23.92418
23.31871
22.73757
22.17963
21.644
21.13007
20.63745
20.16597
19.71563
19.28668
18.87952
18.49479
18.13334
17.79624
17.48484
17.20075
16.94592
16.72264
16.53359
16.38186
16.27104
16.20519
16.18893
16.22742
16.32637
16.49201
16.73104
17.05046
17.45744
17.959
18.56162
19.27076
20.09025
21.02147
22.06261
23.20772
24.44598
25.76097
27.13044
28.52643
29.91604
31.26286
32.52903
33.67779
34.67614
35.4974
36.1232
36.54453
36.76199
36.78485
36.62949
36.31735
35.87271
35.32061
34.68523
33.98865
33.2501
32.48568
31.70836
30.92821
30.15276
29.38745
28.63599
27.90082
27.18339
26.48443
25.80422
25.14269
24.49959
23.87454
23.26715
22.67698
22.10364
21.54678
21.00607
20.48126
19.97213
19.47856
19.00046
18.53781
18.09067
17.6592
17.24361
16.84424
16.46154
16.09608
15.74861
15.42002
15.11144
14.82424
14.56003
14.3208
14.10889
13.92705
13.77857
13.66729
13.59767
13.57492
13.60501
13.69477
13.85192
14.08507
14.4037
14.81803
15.33878
15.97682
16.74266
17.64562
18.69292
19.88839
21.23105
22.71357
24.32078
26.02848
27.80287
29.60089
31.37176
33.0599
34.60889
35.96626
37.0883
37.94405
38.51785
38.80998
38.8353
38.62037
38.19962
37.61136
36.89412
36.08387
35.21218
34.3053
33.38398
32.46382
31.55597
30.66787
29.80413
28.96718
28.15795
27.37632
26.62154
25.89249
25.18787
24.50633
23.84656
23.20735
22.58755
21.98618
21.40232
20.83516
20.28401
19.7482
19.22719
18.72044
18.22749
17.7479
17.28128
16.82726
16.3855
15.95567
15.53747
15.13061
14.73485
14.34992
13.9756
13.61169
13.258
12.91437
12.58066
12.25676
11.94262
11.63818
11.34348
11.05857
10.78358
10.51873
10.26431
10.02073
9.788514
9.568364
9.361152
9.167983
8.990229
8.829591
8.688163
8.568509
8.47376
8.407721
8.375001
8.381157
8.43286
8.538074
8.706246
8.948492
9.277766
9.708975
10.259
10.94656
11.79186
12.81582
14.03895
15.47956
17.1513
19.06001
21.20007
23.55041
26.07115
28.70145
31.35994
33.94849
36.35982
38.48833
40.24245
41.55616
42.3968
42.76748
42.70376
42.26566
41.52745
40.56733
39.45914
38.26675
37.04143
35.8214
34.63306
33.49293
32.40994
31.3875
30.42533
29.52083
28.67019
27.86907
27.11313
26.39827
25.72084
25.0777
24.46621
23.88424
23.33012
22.80261
22.30084
21.82428
21.37272
20.94622
20.54513
20.17007
19.82191
19.50178
19.21112
18.95163
18.72533
18.53456
18.38201
18.2707
18.20405
18.1858
18.22008
18.31131
18.46415
18.68345
18.97406
19.34066
19.78751
20.31815
20.93497
21.63883
22.42851
23.30022
24.2471
25.25883
26.32138
27.41698
28.52439
29.61959
30.67673
31.66948
32.57253
33.36322
34.02294
34.53834
34.90199
35.1125
35.17423
35.09637
34.89191
34.57631
34.16628
33.67869
33.12967
32.53398
31.90467
31.25287
30.58782
29.91698
29.24626
28.58019
27.9222
27.27482
26.63989
26.01872
25.41222
24.82106
24.24568
23.68643
23.14361
22.61746
22.10828
21.61635
21.14204
20.68579
20.24812
19.82966
19.43118
19.05357
18.69791
18.36546
18.0577
17.77634
17.5234
17.30118
17.11233
16.95991
16.84736
16.77859
16.75796
16.79035
16.88106
17.03587
17.26092
17.56258
17.9473
18.42133
18.99037
19.65912
20.43071
21.30607
22.28319
23.35635
24.51549
25.74563
27.02661
28.33326
29.63606
30.90232
32.09795
33.1896
34.14699
34.94511
35.56599
35.99982
36.24519
36.30859
36.2031
35.94678
35.56071
35.06721
34.48833
33.84462
33.15438
32.43326
31.69417
30.9474
30.20087
29.4605
28.73055
28.01398
27.31272
26.62797
25.96039
25.31026
24.67762
24.06238
23.46435
22.88331
22.31905
21.77138
21.24015
20.72526
20.22667
19.74442
19.27862
18.82944
18.39718
17.98223
17.5851
17.20644
16.84705
16.50793
16.19027
15.89553
15.6254
15.38195
15.16758
14.98511
14.83785
14.72962
14.66486
14.64864
14.68672
14.78562
14.95258
15.19555
15.52311
15.94431
16.4684
17.10443
17.8607
18.74404
19.75886
20.90611
22.18203
23.57694
25.07418
26.64931
28.27003
29.89679
31.48448
32.98501
34.35081
35.53861
36.51319
37.25032
37.73855
37.97936
37.98602
37.78119
37.39386
36.85621
36.20073
35.458
34.65519
33.81523
32.95662
32.09363
31.23678
30.39346
29.56853
28.76493
27.98416
27.22677
26.49259
25.78107
25.09142
24.42273
23.77406
23.14449
22.53317
21.9393
21.36216
20.80109
20.25551
19.72488
19.20873
18.70661
18.21815
17.74297
17.28075
16.83118
16.394
15.96897
15.55586
15.15448
14.76467
14.38631
14.0193
13.6636
13.31921
12.98618
12.66464
12.35478
12.0569
11.77139
11.49878
11.23975
10.99516
10.76608
10.55387
10.36016
10.18699
10.03681
9.912601
9.81798
9.75728
9.735694
9.759408
9.835753
9.973353
10.18227
10.47415
10.86224
11.36146
11.98816
12.75985
13.6945
14.80955
16.12043
17.63851
19.36855
21.30573
23.43249
25.71574
28.10507
30.53285
32.91684
35.16582
37.18788
38.90018
40.23858
41.16498
41.6707
41.77543
41.52211
40.96924
40.18246
39.22708
38.16243
37.03849
35.8946
34.75973
33.65368
32.58874
31.57151
30.60445
29.68725
28.81791
27.99346
27.21058
26.46589
25.75624
25.07877
24.43099
23.81081
23.2165
22.64668
22.10028
21.57652
21.07489
20.59509
20.13706
19.70095
19.28712
18.89614
18.52881
18.18617
17.86949
17.58035
17.32063
17.09253
16.89865
16.742
16.626
16.55458
16.53217
16.56371
16.65463
16.81087
17.03878
17.34496
17.73616
18.21894
18.79932
19.48236
20.27148
21.16787
22.16965
23.27109
24.4619
25.7266
27.04425
28.38863
29.72885
31.03071
32.25853
33.37747
34.35597
35.16814
35.79564
36.22877
36.46674
36.51702
36.39397
36.11695
35.70838
35.19175
34.59004
33.92454
33.21403
32.47443
31.71875
30.95726
30.19778
29.44606
28.70619
27.98091
27.27197
26.58039
25.90666
25.25092
24.61309
23.99295
23.39023
22.8046
22.23579
21.68352
21.14756
20.62775
20.12397
19.63618
19.16439
18.70871
18.26932
17.84649
17.44062
17.05221
16.6819
16.33051
15.99903
15.68867
15.40088
15.1374
14.90033
14.6921
14.51562
14.37428
14.27203
14.21344
14.20379
14.24908
14.35611
14.53249
14.78661
15.12757
15.56499
16.10879
16.76871
17.55379
18.47153
19.52695
20.72136
22.05107
23.506
25.06852
26.71259
28.40359
30.09908
31.75064
33.30676
34.71671
35.93479
36.92436
37.66101
38.13431
38.3479
38.31789
38.07009
37.63662
37.0524
36.35212
35.56794
34.72796
33.85557
32.96928
32.08314
31.20724
30.34845
29.51111
28.69765
27.90913
27.14567
26.40679
25.69164
24.99919
24.32835
23.67803
23.04719
22.43487
21.8402
21.26239
20.70072
20.15456
19.62332
19.10648
18.60356
18.11413
17.63776
17.17409
16.72275
16.2834
15.85572
15.43941
15.03417
14.63973
14.25582
13.88219
13.51859
13.16481
12.82062
12.48583
12.16026
11.84373
11.53611
11.23727
10.9471
10.66555
10.39257
10.12817
9.872408
9.625386
9.387281
9.158352
8.938952
8.729553
8.530768
8.343381
8.168382
8.007013
7.860822
7.731721
7.62207
7.534765
7.473347
7.442134
7.446368
7.492387
7.587819
7.741791
7.965148
8.270667
8.673236
9.189966
9.840168
10.64513
11.62755
12.81056
14.21608
15.86253
17.76161
19.91438
22.30685
24.90559
27.65441
30.47338
33.26127
35.90248
38.27818
40.28019
41.82492
42.8642
43.39018
43.43341
43.05491
42.33472
41.35979
40.21374
38.96973
37.68682
36.40917
35.16723
33.97997
32.85749
31.8035
30.81742
29.89605
29.03482
28.2286
27.47227
26.76107
26.09078
25.45777
24.85905
24.2922
23.75535
23.24712
22.76657
22.31317
21.88671
21.48733
21.11548
20.77187
20.45752
20.17371
19.92201
19.70427
19.52265
19.37957
19.27779
19.22031
19.21044
19.25171
19.34786
19.50273
19.72016
20.0039
20.35736
20.7834
21.28406
21.86025
22.51136
23.23491
24.02616
24.87779
25.77967
26.71879
27.67929
28.6429
29.58941
30.4976
31.34624
32.1152
32.78669
33.34621
33.78339
34.09243
34.27219
34.32591
34.26058
34.08619
33.81477
33.45952
33.03392
32.55113
32.02341
31.46184
30.87611
30.2745
29.6639
29.04996
28.43722
27.82925
27.22888
26.63829
26.05917
25.49284
24.94037
24.40259
23.88025
23.37399
22.88444
22.41222
21.95799
21.52246
21.10643
20.7108
20.33659
19.98498
19.65729
19.35505
19.08002
18.83417
18.61975
18.4393
18.29568
18.19208
18.13201
18.11937
18.15835
18.25349
18.40953
18.63139
18.92401
19.29215
19.74015
20.27163
20.8891
21.59348
22.38368
23.25602
24.20375
25.21668
26.28085
27.37858
28.48871
29.58723
30.64826
31.64542
32.55328
33.34903
34.01391
34.53439
34.90286
35.1178
35.18343
35.10891
34.90716
34.59366
34.18516
33.69859
33.15013
32.55465
31.92523
31.2731
30.60755
29.93609
29.26466
28.59782
27.93904
27.29086
26.65512
26.03313
25.42583
24.83387
24.25769
23.69765
23.15403
22.62709
22.11709
21.62433
21.14917
20.69204
20.25346
19.83404
19.43455
19.05587
18.69907
18.36539
18.05631
17.77353
17.51903
17.29512
17.10442
16.94997
16.8352
16.76399
16.7407
16.77016
16.85768
17.00903
17.23033
17.52798
17.90844
18.37801
18.94245
19.60656
20.37358
21.24462
22.21784
23.28778
24.4446
25.67357
26.95479
28.26329
29.56965
30.84125
32.0439
33.14406
34.11112
34.91968
35.55131
35.99571
36.25109
36.32354
36.22593
35.97616
35.59528
35.10568
34.5295
33.88745
33.19801
32.47702
31.73752
30.98995
30.24235
29.50074
28.76944
28.05147
27.34879
26.66262
25.99365
25.34215
24.70818
24.09163
23.49231
22.91001
22.34451
21.7956
21.26312
20.74698
20.24713
19.76359
19.29645
18.84589
18.41219
17.99572
17.59698
17.21661
16.85538
16.51426
16.19444
15.89731
15.62458
15.37823
15.16064
14.97459
14.82331
14.71059
14.64079
14.61891
14.65065
14.74245
14.90149
15.13567
15.45354
15.86413
16.37672
17.00047
17.74385
18.61393
19.61554
20.7501
22.01449
23.39978
24.89013
26.46195
28.08372
29.71651
31.31553
32.83268
34.21992
35.43309
36.43573
37.20218
37.71945
37.98765
38.01894
37.83519
37.46501
36.94054
36.29451
35.55794
34.75852
33.91975
33.06065
32.19598
31.33664
30.49033
29.66215
28.85519
28.0711
27.31047
26.57319
25.85873
25.1663
24.49497
23.84382
23.21189
22.59834
22.00233
21.42315
20.86011
20.31263
19.78015
19.2622
18.75833
18.26812
17.79123
17.32731
16.87605
16.43717
16.01042
15.59556
15.1924
14.80076
14.4205
14.0515
13.6937
13.34707
13.01164
12.68748
12.37476
12.07372
11.78468
11.50811
11.24459
10.99488
10.75993
10.54094
10.33938
10.15706
9.996197
9.859475
9.750159
9.672182
9.630268
9.630063
9.678285
9.782874
9.953146
10.19994
10.53572
10.97462
11.5324
12.22617
13.07396
14.09391
15.30302
16.71541
18.34005
20.17788
22.21871
24.43806
26.79471
29.22959
31.66698
34.01856
36.19045
38.0925
39.64851
40.8051
41.53754
41.85109
41.77775
41.36969
40.69075
39.80817
38.7858
37.67944
36.53452
35.38558
34.25716
33.16529
32.11928
31.12347
30.17874
29.28376
28.43587
27.6318
26.86809
26.14137
25.44858
24.78699
24.15428
23.54852
22.96814
22.41192
21.87893
21.36853
20.88033
20.41417
19.97013
19.54848
19.14973
18.77458
18.42401
18.09921
17.80167
17.53316
17.29579
17.09202
16.92472
16.79717
16.71313
16.67682
16.69297
16.76683
16.90409
17.11086
17.39357
17.75876
18.21288
18.76194
19.41106
20.16395
21.02225
21.9848
23.04687
24.19943
25.42856
26.71504
28.03446
29.35769
30.65201
31.88277
33.01554
34.01848
34.86465
35.534
36.01463
36.30332
36.40512
36.33215
36.10202
35.73582
35.25628
34.68607
34.04655
33.35687
32.63349
31.89005
31.13748
30.38421
29.63655
28.89906
28.17489
27.46612
26.77402
26.0993
25.44224
24.80288
24.1811
23.57667
22.98936
22.41889
21.86505
21.32763
20.80649
20.30154
19.81276
19.34021
18.884
18.44435
18.02158
17.61611
17.2285
16.85944
16.50979
16.18061
15.87318
15.58903
15.32999
15.09823
14.89631
14.72724
14.59452
14.50222
14.45505
14.45838
14.51832
14.64177
14.83637
15.11047
15.47308
15.93361
16.50158
17.18619
17.99568
18.93651
20.01235
21.22292
22.56266
24.01955
25.57399
27.19823
28.85645
30.50578
32.09834
33.58434
34.91581
36.05074
36.95664
37.61331
38.01404
38.1653
38.08494
37.79936
37.34023
36.74125
36.03541
35.25296
34.42012
33.55858
32.68542
31.81354
30.95221
30.10771
29.284
28.48331
27.70659
26.95395
26.22496
25.51884
24.83465
24.17139
23.52806
22.9037
22.29743
21.70845
21.13602
20.57948
20.03824
19.51177
18.99957
18.5012
18.01625
17.54435
17.08515
16.63832
16.20356
15.7806
15.36917
14.96903
14.57996
14.20178
13.8343
13.47738
13.13091
12.7948
12.46902
12.15356
11.84848
11.55391
11.27003
10.99713
10.7356
10.48595
10.24885
10.02514
9.815888
9.622414
9.446358
9.289729
9.154989
9.045136
8.963807
8.915397
8.905194
8.939532
9.025955
9.173395
9.39234
9.694989
10.09536
10.60931
11.25443
12.04969
13.01481
14.16923
15.5305
17.11209
18.92057
20.95228
23.18968
25.59811
28.12359
30.69272
33.21557
35.59195
37.72092
39.51194
40.89594
41.83344
42.3182
42.37548
42.05576
41.42569
40.55848
39.52554
38.39052
37.20598
36.01233
34.83848
33.7035
32.61854
31.58892
30.61584
29.69784
28.83194
28.01437
27.24116
26.50844
25.81269
25.1508
24.52011
23.91845
23.34407
22.79559
22.27204
21.77274
21.29732
20.84567
20.41795
20.01456
19.63615
19.28362
18.95812
18.6611
18.39428
18.15969
17.95972
17.79711
17.67498
17.59688
17.56674
17.58892
17.66818
17.80962
18.01861
18.30065
18.66123
19.10556
19.63822
20.26282
20.98146
21.79421
22.69849
23.68845
24.75448
25.88276
27.05511
28.24921
29.43909
30.59626
31.69106
32.69449
33.58004
34.32553
34.91458
35.33755
35.59187
35.68171
35.61704
35.41234
35.08509
34.65427
34.13903
33.55766
32.92679
32.26101
31.57263
30.87175
30.16642
29.46285
28.76571
28.07846
27.40351
26.74254
26.09668
25.46661
24.85277
24.25538
23.67457
23.11041
22.56293
22.03221
21.51832
21.02141
20.54168
20.07941
19.63499
19.2089
18.80173
18.41422
18.04729
17.70201
17.37967
17.0818
16.8102
16.56698
16.35459
16.17588
16.03413
15.9331
15.87707
15.87088
15.91994
16.03025
16.20837
16.46132
16.79652
17.22151
17.74374
18.37008
19.10637
19.95668
20.92255
22.00209
23.18904
24.4719
25.83328
27.24952
28.69095
30.12271
31.50637
32.80214
33.97165
34.98086
35.80272
36.41921
36.8224
37.01446
37.00659
36.81721
36.46971
35.99001
35.40448
34.73824
34.01389
33.25093
32.46544
31.6702
30.87498
30.08698
29.31125
28.55117
27.80886
27.08547
26.38149
25.69699
25.03173
24.38529
23.7572
23.14694
22.55399
21.97789
21.41818
20.87449
20.3465
19.83391
19.33652
18.85418
18.38676
17.93425
17.49667
17.07414
16.66683
16.27504
15.89916
15.53971
15.19736
14.87294
14.5675
14.2823
14.01887
13.77908
13.56514
13.37971
13.22593
13.10751
13.0288
12.99489
13.01169
13.08597
13.2255
13.43901
13.73622
14.12778
14.62504
15.2398
15.98379
16.86795
17.90149
19.09061
20.43702
21.93622
23.57578
25.33382
27.178
29.06546
30.94398
32.75467
34.43608
35.92931
37.18351
38.16081
38.83968
39.21628
39.30348
39.12795
38.72603
38.13914
37.40957
36.57716
35.67703
34.73843
33.78446
32.83243
31.89461
30.97911
30.09081
29.2322
28.40409
27.60615
26.83737
26.09635
25.38152
24.6913
24.02418
23.37874
22.75372
22.148
21.56056
20.99055
20.4372
19.89985
19.37791
18.87087
18.37828
17.89974
17.43491
16.98349
16.54522
16.11989
15.70732
15.30739
14.92003
14.54521
14.183
13.83349
13.4969
13.17352
12.86376
12.56818
12.28748
12.02255
11.77452
11.54477
11.335
11.14729
10.98413
10.84857
10.74425
10.67551
10.64755
10.66649
10.73955
10.87516
11.08306
11.37442
11.76184
12.25933
12.88205
13.64596
14.56712
15.66067
16.93943
18.41193
20.08015
21.93685
23.96292
26.12516
28.37499
30.64902
32.87171
34.96057
36.83356
38.41749
39.65614
40.51636
40.9907
41.09648
40.8714
40.36698
39.64141
38.75307
37.75559
36.69475
35.60722
34.52055
33.45412
32.42049
31.42689
30.47667
29.57044
28.70706
27.88439
27.09978
26.35041
25.63357
24.94674
24.28768
23.65446
23.04544
22.45928
21.89487
21.35138
20.82815
20.32475
19.84091
19.37651
18.93165
18.50653
18.10158
17.71737
17.35468
17.01451
16.69811
16.40699
16.14296
15.9082
15.70526
15.53714
15.40731
15.3198
15.27922
15.2908
15.36042
15.49465
15.70066
15.98621
16.35946
16.82877
17.40236
18.08784
18.89155
19.81785
20.86815
22.03984
23.32529
24.71079
26.17588
27.69304
29.22807
30.74129
32.18955
33.52906
34.71862
35.72296
36.51567
37.08113
37.41531
37.52526
37.42746
37.14543
36.70695
36.14143
35.47768
34.74219
33.9581
33.14473
32.31752
31.48835
30.66595
29.85643
29.06386
28.29071
27.53831
26.80716
26.09721
25.40807
24.73914
24.08972
23.45911
22.84658
22.25146
21.67313
21.11104
20.56467
20.03359
19.51738
19.01572
18.5283
18.05486
17.59521
17.14918
16.71667
16.29759
15.89196
15.49983
15.12133
14.75668
14.40618
14.07025
13.74946
13.44451
13.15629
12.88592
12.63475
12.40446
12.19707
12.015
11.86118
11.73911
11.65293
11.60756
11.60878
11.66334
11.77909
11.96504
12.23144
12.58979
13.05275
13.63394
14.34758
15.20785
16.22798
17.41901
18.78813
20.33671
22.05805
23.93516
25.93885
28.02669
30.14332
32.22257
34.1917
35.97731
37.51244
38.74357
39.63608
40.17733
40.37649
40.26164
39.87465
39.26526
38.48532
37.5841
36.60514
35.58449
34.55031
33.52332
32.51783
31.54289
30.60356
29.702
28.83836
28.01157
27.21977
26.46082
25.73244
25.03244
24.35881
23.70974
23.08364
22.47917
21.89517
21.33071
20.785
20.25742
19.74748
19.25482
18.77921
18.32052
17.87874
17.45397
17.04645
16.65653
16.28472
15.93172
15.59837
15.28577
14.99526
14.72846
14.48732
14.27419
14.09184
13.94356
13.83319
13.76523
13.74487
13.77809
13.87172
14.03344
14.27183
14.59625
15.01678
15.54396
16.18836
16.96011
17.86806
18.91885
20.1156
21.4566
22.93371
24.53103
26.22374
27.97769
29.74984
31.4899
33.14326
34.65497
35.97435
37.05964
37.88173
38.42654
38.6954
38.70365
38.4778
38.05175
37.46295
36.74891
35.94458
35.08056
34.18229
33.26988
32.35849
31.45894
30.5785
29.72168
28.8909
28.08711
27.31025
26.55964
25.83421
25.13274
24.45395
23.79659
23.15948
22.54154
21.9418
21.35938
20.7935
20.24346
19.70863
19.18846
18.68243
18.19007
17.71095
17.24467
16.79085
16.34915
15.91922
15.50076
15.09345
14.69702
14.31118
13.93567
13.57025
13.21468
12.86873
12.5322
12.20489
11.88662
11.57724
11.2766
10.98458
10.70111
10.42611
10.15956
9.901479
9.651936
9.411055
9.179034
8.956154
8.742797
8.539471
8.346831
8.165714
7.997173
7.842528
7.703418
7.581873
7.480391
7.402038
7.350562
7.33053
7.347483
7.408119
7.520489
7.694217
7.940723
8.273431
8.707944
9.262126
9.956038
10.81164
11.85211
13.10072
14.57897
16.30405
18.28537
20.52038
22.99006
25.65458
28.45055
31.29071
34.06774
36.66254
38.95648
40.84594
42.25582
43.14911
43.5298
43.43902
42.94559
42.13388
41.09183
39.90145
38.63263
37.34044
36.06501
34.8332
33.66106
32.55645
31.52148
30.5545
29.65167
28.80806
28.01839
27.27756
26.58088
25.92425
25.3042
24.71787
24.16301
23.63789
23.14127
22.67233
22.23064
21.81611
21.429
21.06984
20.73945
20.43895
20.16973
19.93344
19.73206
19.56782
19.44325
19.36117
19.32467
19.3371
19.40201
19.5231
19.70412
19.94879
20.26058
20.64257
21.09714
21.62575
22.22854
22.90401
23.64866
24.45662
25.31941
26.22574
27.16155
28.11017
29.05277
29.96909
30.83825
31.63991
32.35534
32.96849
33.46694
33.84246
34.09137
34.2144
34.21633
34.10525
33.89183
33.58833
33.2078
32.76332
32.26741
31.73163
31.16627
30.58029
29.98125
29.37547
28.76805
28.16311
27.56391
26.97299
26.39237
25.82359
25.2679
24.72631
24.19963
23.68861
23.19392
22.71622
22.25619
21.81453
21.39205
20.9896
20.6082
20.24895
19.91314
19.60222
19.31787
19.06196
18.83665
18.64433
18.48772
18.36985
18.29408
18.2641
18.28393
18.35789
18.49054
18.68664
18.95097
19.28822
19.70273
20.19823
20.77747
21.44183
22.19083
23.02168
23.92873
24.90314
25.93249
27.00073
28.08834
29.17283
30.22954
31.23286
32.15759
32.9805
33.68182
34.2464
34.66464
34.93282
35.05292
35.03202
34.88133
34.61496
34.24878
33.79923
33.28239
32.7133
32.10543
31.4705
30.81837
30.15713
29.49326
28.83182
28.17669
27.53078
26.89624
26.27464
25.6671
25.07442
24.49718
23.93583
23.39073
22.86218
22.35049
21.85602
21.37912
20.92027
20.47999
20.05893
19.65783
19.27761
18.91933
18.58424
18.27379
17.98968
17.73388
17.50867
17.31664
17.16076
17.04443
16.97143
16.94603
16.97295
17.05737
17.20486
17.42138
17.71308
18.08619
18.54673
19.1002
19.75111
20.50248
21.3552
22.30737
23.35353
24.48405
25.68462
26.93596
28.21396
29.49028
30.73348
31.91062
32.98934
33.94
34.73786
35.36477
35.81033
36.07223
36.15577
36.07282
35.84019
35.47789
35.00737
34.45
33.82592
33.15322
32.44748
31.72168
30.98628
30.24939
29.51717
28.79409
28.08333
27.38702
26.70652
26.04264
25.39579
24.76613
24.15364
23.55821
22.97971
22.41798
21.87288
21.34432
20.83225
20.33669
19.85773
19.39552
18.95033
18.5225
18.1125
17.72094
17.34854
16.99624
16.66513
16.35655
16.0721
15.81365
15.58345
15.3841
15.21865
15.09064
15.00417
14.96392
14.97523
15.04412
15.17731
15.3822
15.66681
16.03964
16.50946
17.08499
17.7744
18.58471
19.52099
20.58535
21.7759
23.08557
24.50104
26.0019
27.56025
29.14108
30.70334
32.20205
33.59126
34.82745
35.87317
36.70017
37.29157
37.64279
37.76102
37.66351
37.37499
36.92474
36.34372
35.66216
34.90782
34.10482
33.27323
32.42896
31.58415
30.74765
29.92557
29.1219
28.33898
27.57798
26.83924
26.12256
25.4274
24.75305
24.09869
23.46349
22.84666
22.24744
21.66515
21.09916
20.54889
20.01386
19.49359
18.98769
18.4958
18.0176
17.55279
17.10115
16.66246
16.23654
15.82328
15.42257
15.03439
14.65874
14.2957
13.94543
13.60815
13.28421
12.97404
12.67825
12.39757
12.13296
11.88559
11.6569
11.44866
11.26303
11.1026
10.9705
10.8705
10.80707
10.78554
10.8122
10.89441
11.04079
11.26123
11.56706
11.971
12.4871
13.13049
13.91695
14.86216
15.98065
17.28428
18.7803
20.469
22.34109
24.3752
26.53576
28.77215
31.01951
33.20187
35.23765
37.04708
38.56057
39.72634
40.51584
40.92588
40.97692
40.70849
40.1726
39.42678
38.52793
37.52776
36.47007
35.38964
34.31247
33.25669
32.23394
31.25086
30.3104
29.41297
28.55738
27.74146
26.96264
26.21819
25.50547
24.82207
24.16582
23.53487
22.92765
22.34285
21.77941
21.23652
20.71354
20.21003
19.72573
19.26052
18.81445
18.38774
17.98074
17.594
17.22826
16.88446
16.56378
16.26767
15.99785
15.75641
15.54581
15.36894
15.22917
15.13041
15.07716
15.07454
15.12836
15.24512
15.43197
15.69671
16.04763
16.49336
17.04248
17.70318
18.4826
19.38613
20.41643
21.57242
22.84814
24.23166
25.70424
27.23978
28.80507
30.36069
31.86286
33.26619
34.52699
35.60678
36.47551
37.11397
37.51492
37.68294
37.63295
37.38786
36.97569
36.42679
35.7713
35.03725
34.24937
33.42843
32.59114
31.75037
30.91565
30.09367
29.28888
28.504
27.74048
26.99888
26.27915
25.58086
24.90336
24.2459
23.60767
22.98789
22.38583
21.8008
21.23218
20.67941
20.14198
19.61945
19.11142
18.61753
18.13747
17.67098
17.21783
16.77781
16.35079
15.93665
15.53534
15.14684
14.77123
14.40861
14.0592
13.72329
13.4013
13.09377
12.80139
12.52504
12.26582
12.02507
11.80444
11.60595
11.43202
11.28558
11.17015
11.08992
11.04985
11.05584
11.11477
11.2347
11.42493
11.69608
12.06015
12.53042
13.1213
13.84797
14.72571
15.76902
16.9903
18.39806
19.99484
21.77475
23.72095
25.80355
27.97826
30.18663
32.35825
34.41525
36.27888
37.87725
39.15312
40.06998
40.6153
40.80032
40.6566
40.23033
39.57569
38.74849
37.80124
36.77975
35.72149
34.65527
33.60193
32.57547
31.58445
30.6333
29.72356
28.8548
28.0254
27.23309
26.47533
25.74957
25.05341
24.38467
23.74141
23.12199
22.52503
21.94938
21.39411
20.85851
20.34201
19.84423
19.36495
18.90407
18.46165
18.0379
17.63315
17.24794
16.88296
16.5391
16.2175
15.91954
15.64688
15.40153
15.18588
15.00272
14.85537
14.74764
14.68399
14.66948
14.70993
14.81186
14.98253
15.22993
15.56266
15.98976
16.52047
17.16377
17.92788
18.81945
19.8427
20.99824
22.28195
23.68367
25.18621
26.7646
28.38599
30.01044
31.59253
33.08417
34.43796
35.61114
36.5692
37.28877
37.75931
37.98318
37.97438
37.75606
37.35752
36.81098
36.14887
35.40153
34.59582
33.75438
32.89537
32.0328
31.17694
30.33499
29.51165
28.70976
27.93075
27.17508
26.4426
25.73271
25.04462
24.37741
23.73014
23.10192
22.49188
21.89923
21.32326
20.76333
20.21883
19.68926
19.17414
18.67302
18.18553
17.71131
17.25002
16.80139
16.36512
15.94099
15.52878
15.1283
14.7394
14.36195
13.99587
13.64112
13.2977
12.96569
12.64521
12.33648
12.03979
11.75558
11.48437
11.22689
10.98401
10.75686
10.54682
10.35559
10.18525
10.03833
9.917905
9.827681
9.772111
9.756522
9.787256
9.871817
10.01903
10.23916
10.54408
10.94728
11.46385
12.11033
12.90431
13.86371
15.00572
16.34527
17.89288
19.65205
21.61625
23.76581
26.06519
28.46149
30.88482
33.2514
35.46954
37.44825
39.10706
40.38539
41.24938
41.69467
41.74463
41.44483
40.85515
40.04146
39.06832
37.99375
36.86613
35.72322
34.59251
33.49263
32.43495
31.42537
30.4659
29.55597
28.69339
27.87515
27.09791
26.35833
25.65329
24.97999
24.33603
23.71934
23.12827
22.56148
22.01794
21.49692
20.99791
20.52067
20.06516
19.63155
19.22022
18.83177
18.46703
18.12704
17.81314
17.5269
17.27026
17.04545
16.85511
16.70228
16.59046
16.52363
16.50627
16.54338
16.64047
16.80353
17.03897
17.35345
17.75374
18.2464
18.83743
19.53178
20.33277
21.24132
22.25527
23.3685
24.57022
25.8444
27.16954
28.51881
29.86083
31.16101
32.38348
33.49345
34.45966
35.25678
35.86717
36.28201
36.50136
36.53352
36.39351
36.10123
35.67937
35.15157
34.5408
33.86819
33.15233
32.40889
31.65064
30.88759
30.12734
29.37546
28.63587
27.91119
27.20308
26.51247
25.83981
25.18519
24.5485
23.92952
23.32793
22.74343
22.17572
21.62452
21.08961
20.5708
20.068
19.58115
19.11026
18.65544
18.21686
17.79481
17.38967
17.00194
16.63226
16.28145
15.95049
15.64059
15.3532
15.09007
14.85327
14.64525
14.46891
14.32765
14.22542
14.16679
14.15705
14.20221
14.30911
14.48537
14.73941
15.08038
15.51796
16.06212
16.72271
17.50883
18.42812
19.48568
20.68294
22.0163
23.47575
25.04367
26.69399
28.39197
30.09496
31.75426
33.31802
34.73513
35.95952
36.95424
37.69466
38.17028
38.38474
38.3543
38.10499
37.66919
37.08209
36.37864
35.59121
34.74806
33.87269
32.98369
32.09512
31.2171
30.35648
29.51759
28.70281
27.91318
27.14879
26.40913
25.69332
25.00032
24.32901
23.67828
23.0471
22.43448
21.83954
21.26149
20.6996
20.15324
19.62181
19.10479
18.6017
18.11209
17.63555
17.17169
16.72016
16.2806
15.8527
15.43614
15.03062
14.63587
14.25161
13.87757
13.51351
13.15918
12.81437
12.47885
12.15242
11.83489
11.52609
11.22586
10.93405
10.65056
10.37529
10.10816
9.849154
9.598268
9.355554
9.121118
8.89513
8.677839
8.469587
8.270832
8.082167
7.904357
7.738364
7.585402
7.446981
7.324975
7.221698
7.139996
7.08336
7.056051
7.063258
7.11127
7.207675
7.36158
7.583842
7.887292
8.286942
8.800121
9.446485
10.24783
11.22756
12.40977
13.81761
15.47098
17.38329
19.55741
21.98103
24.62196
27.42449
30.30789
33.16869
35.88753
38.34056
40.41404
42.0192
43.10398
43.6586
43.7138
43.33265
42.59847
41.60199
40.43044
39.16003
37.85206
36.55216
35.29157
34.08953
32.95607
31.89462
30.90421
29.98123
29.12068
28.31707
27.56498
26.85939
26.19587
25.57062
24.98054
24.42312
23.89644
23.39909
22.93013
22.48902
22.07558
21.68998
21.33271
21.00454
20.70651
20.43997
20.20653
20.00807
19.84677
19.72506
19.64566
19.61151
19.6258
19.69189
19.81326
19.9934
20.23573
20.5434
20.91912
21.36492
21.88186
22.46974
23.12676
23.84918
24.63104
25.46391
26.33677
27.23603
28.14574
29.04803
29.92375
30.75335
31.51776
32.19955
32.78376
33.25885
33.61715
33.85518
33.97355
33.97658
33.87175
33.66886
33.37931
33.01524
32.58891
32.11212
31.59581
31.04982
30.48275
29.90195
29.31358
28.7227
28.13343
27.54906
26.97221
26.40498
25.84903
25.30569
24.77608
24.26113
23.76167
23.27849
22.81233
22.36396
21.93421
21.52394
21.13413
20.76587
20.42038
20.09903
19.80339
19.53522
19.29651
19.08949
18.91666
18.78082
18.68504
18.63272
18.62755
18.67349
18.77474
18.93567
19.16073
19.45429
19.82047
20.26288
20.78433
21.38648
22.06944
22.8313
23.66774
24.57158
25.53249
26.53684
27.5677
28.60525
29.62731
30.61035
31.53061
32.36546
33.09479
33.70221
34.176
34.5097
34.70218
34.75733
34.68331
34.49165
34.1961
33.81161
33.35335
32.83592
32.27283
31.6761
31.05614
30.42168
29.7799
29.13655
28.49617
27.86227
27.23749
26.62386
26.02288
25.43565
24.86302
24.30566
23.7641
23.23879
22.73019
22.23874
21.76491
21.30925
20.87237
20.45499
20.05794
19.68219
19.32886
18.99927
18.69495
18.41763
18.16934
17.95239
17.7694
17.62335
17.51761
17.45593
17.44247
17.48182
17.57892
17.73908
17.96784
18.27086
18.65373
19.12171
19.67936
20.33016
21.07594
21.91639
22.84834
23.86522
24.95652
26.10737
27.2985
28.50644
29.70425
30.86261
31.95141
32.94159
33.80703
34.5264
35.08453
35.47326
35.69163
35.74536
35.6458
35.40855
35.05191
34.59533
34.05816
33.45861
32.81309
32.13582
31.43871
30.73144
30.02162
29.3151
28.61625
27.92821
27.25319
26.59269
25.94767
25.31873
24.7062
24.11026
23.53097
22.96838
22.42248
21.89333
21.38099
20.88559
20.40732
19.94647
19.50339
19.07856
18.67257
18.28617
17.92025
17.57588
17.25435
16.9572
16.68622
16.44352
16.23156
16.05321
15.91175
15.81099
15.75522
15.74933
15.7988
15.9097
16.08867
16.34285
16.67978
17.10719
17.63266
18.26331
19.00514
19.86245
20.83697
21.92696
23.12624
24.4233
25.80059
27.23417
28.69391
30.14432
31.54623
32.85903
34.04357
35.0651
35.89605
36.51812
36.92335
37.11415
37.10217
36.90641
36.55088
36.06213
35.46711
34.79137
34.05789
33.2864
32.4931
31.69086
30.88943
30.09597
29.31548
28.55125
27.80531
27.07873
26.37194
25.68493
25.01739
24.36886
23.73882
23.1267
22.53195
21.95407
21.39259
20.84709
20.31721
19.80265
19.30316
18.81855
18.34868
17.89347
17.45291
17.02705
16.61602
16.22005
15.83944
15.47463
15.12617
14.79479
14.48138
14.18703
13.91311
13.66125
13.43342
13.23199
13.05977
12.92011
12.81696
12.75495
12.7395
12.77688
12.87431
13.04002
13.28327
13.61436
14.04448
14.58556
15.24984
16.04938
16.99516
18.09609
19.35754
20.77972
22.35591
24.07057
25.89798
27.80132
29.73303
31.6365
33.44934
35.10816
36.55417
37.73886
38.62869
39.20803
39.47959
39.46261
39.18927
38.69993
38.03847
37.24816
36.36853
35.43356
34.47084
33.50159
32.54131
31.60058
30.6861
29.8016
28.94868
28.12745
27.33711
26.57631
25.84342
25.13675
24.45461
23.79547
23.15791
22.54066
21.94262
21.36282
20.80042
20.2547
19.72504
19.21089
18.71178
18.22733
17.75719
17.30108
16.85879
16.43014
16.01501
15.61337
15.22522
14.85065
14.48984
14.14307
13.81072
13.4933
13.19149
12.90616
12.63836
12.38942
12.16098
11.95499
11.77385
11.62045
11.49821
11.41127
11.36447
11.36358
11.41532
11.52754
11.70927
11.97084
12.32385
12.78116
13.35666
14.06496
14.92075
15.93794
17.12838
18.50022
20.05588
21.78974
23.68578
25.71553
27.83683
29.99396
32.11964
34.13923
35.97676
37.56233
38.83944
39.77094
40.34239
40.56215
40.45844
40.07415
39.46054
38.67128
37.75743
36.76409
35.72862
34.68009
33.63988
32.62263
31.63755
30.68972
29.7812
28.91203
28.08095
27.28597
26.52479
25.795
25.09431
24.4206
23.77199
23.14686
22.54382
21.96169
21.39953
20.85656
20.33218
19.82594
19.33752
18.86672
18.41351
17.97793
17.5602
17.16066
16.77979
16.41827
16.07695
15.75691
15.45946
15.18621
14.9391
14.72044
14.53294
14.37985
14.26492
14.19254
14.16776
14.1964
14.28503
14.44105
14.67267
14.98883
15.39908
15.91335
16.54153
17.293
18.17585
19.19597
20.35586
21.65339
23.08036
24.62129
26.25238
27.94116
29.64695
31.32242
32.91621
34.37663
35.65584
36.71413
37.52339
38.06928
38.3518
38.38407
38.18986
37.80019
37.24983
36.57403
35.80602
34.97525
34.10651
33.21966
32.32991
31.44837
30.58268
29.73777
28.91649
28.12018
27.34915
26.60303
25.88101
25.18208
24.50513
23.84906
23.2128
22.59535
21.99581
21.41335
20.84725
20.29683
19.7615
19.24071
18.73397
18.24083
17.76086
17.29368
16.83891
16.39621
15.96525
15.54572
15.13731
14.73973
14.35272
13.976
13.60932
13.25245
12.90515
12.5672
12.2384
11.91855
11.60748
11.30502
11.01103
10.7254
10.448
10.17879
9.917709
9.66476
9.419985
9.183475
8.955389
8.735957
8.525504
8.32446
8.133393
7.953028
7.784288
7.628331
7.486606
7.360909
7.25346
7.166992
7.104858
7.071156
7.070877
7.110076
7.196065
7.33763
7.545258
7.831365
8.210512
8.699549
9.317663
10.08623
11.02839
12.16816
13.52901
15.13167
16.9911
19.11259
21.4872
24.08701
26.86122
29.73408
32.60636
35.36118
37.87466
40.02998
41.73245
42.92212
43.5807
43.7313
43.43136
42.76109
41.81059
40.66837
39.41318
38.10939
36.80567
35.53592
34.32158
33.17429
32.09863
31.09436
30.1583
29.28566
28.471
27.70888
26.99417
26.32232
25.68943
25.09225
24.52815
23.99512
23.49164
23.01667
22.56961
22.15022
21.75858
21.39512
21.06056
20.75588
20.48238
20.2416
20.03537
19.86581
19.73531
19.64651
19.60234
19.60593
19.66062
19.76988
19.93722
20.1661
20.45976
20.82102
21.25211
21.75433
22.3278
22.97109
23.68092
24.45184
25.27594
26.14276
27.03921
27.94981
28.857
29.7418
30.5846
31.3661
32.06836
32.67578
33.176
33.56045
33.82476
33.96867
33.99579
33.91299
33.72969
33.45705
33.10715
32.69232
32.22452
31.71493
31.17366
30.60959
30.03036
29.44237
28.85091
28.26029
27.67397
27.0947
26.52467
25.96561
25.41893
24.88577
24.36709
23.86374
23.37651
22.90614
22.4534
22.01907
21.60403
21.20921
20.83568
20.48462
20.15737
19.85544
19.58055
19.33463
19.11986
18.93868
18.79381
18.68827
18.62538
18.60877
18.64236
18.7303
18.87695
19.08676
19.36414
19.71332
20.13806
20.64143
21.22539
21.89049
22.63533
23.45621
24.34666
25.29709
26.29462
27.32307
28.36317
29.39317
30.38969
31.32881
32.18747
32.94476
33.58326
34.09007
34.45743
34.68301
34.76957
34.72442
34.55843
34.28499
33.91893
33.47548
32.96949
32.41479
31.82382
31.20737
30.57458
29.93299
29.28867
28.64642
28.00997
27.38214
26.76509
26.1604
25.56927
24.9926
24.43107
23.88523
23.35555
22.84248
22.34644
21.86791
21.40739
20.96549
20.54287
20.14035
19.75885
19.39946
19.06343
18.75223
18.46754
18.21131
17.98576
17.79345
17.63726
17.52045
17.44667
17.41999
17.4449
17.52625
17.66929
17.87952
18.16261
18.52421
18.96973
19.50398
20.13081
20.85257
21.6696
22.57956
23.57687
24.65209
25.79151
26.97697
28.18599
29.39238
30.56721
31.68028
32.70195
33.60502
34.36665
34.96986
35.40458
35.66797
35.76411
35.70305
35.4995
35.17128
34.73776
34.21852
33.63221
32.99582
32.32421
31.62992
30.92323
30.21226
29.50331
28.80111
28.10907
27.42962
26.76442
26.11455
25.48068
24.86319
24.26227
23.67801
23.11045
22.55959
22.02545
21.5081
21.00762
20.52419
20.05806
19.60956
19.17912
18.7673
18.37479
18.00242
17.65121
17.32237
17.01736
16.73788
16.48594
16.26387
16.07442
15.92073
15.80643
15.73567
15.71316
15.74419
15.83466
15.99104
16.22038
16.53011
16.92798
17.4217
18.01864
18.72529
19.54664
20.48539
21.54108
22.70909
23.97975
25.33748
26.76036
28.22008
29.68261
31.10954
32.46025
33.69454
34.77574
35.67353
36.36632
36.84275
37.10198
37.15295
37.01268
36.70397
36.25301
35.68696
35.03214
34.31256
33.5491
32.75916
31.95669
31.15239
30.35422
29.56779
28.79689
28.04388
27.3101
26.59614
25.90207
25.22767
24.5725
23.93602
23.31768
22.71691
22.13317
21.56598
21.01489
20.47952
19.95954
19.45468
18.96471
18.48947
18.02886
17.58282
17.15137
16.73462
16.33271
15.94593
15.57464
15.21932
14.88062
14.55932
14.25643
13.97316
13.711
13.47173
13.25753
13.07097
12.91513
12.79364
12.71078
12.67159
12.6819
12.74848
12.87906
13.08244
13.36844
13.7479
14.23249
14.83447
15.56619
16.43943
17.46447
18.64879
19.99558
21.50196
23.1571
24.94055
26.82097
28.75585
30.69241
32.57015
34.32493
35.8943
37.22336
38.27016
39.00964
39.43539
39.55894
39.40686
39.01647
38.43095
37.69476
36.84998
35.93383
34.97732
34.00495
33.03502
32.08045
31.14973
30.24792
29.37753
28.53927
27.73271
26.95666
26.20957
25.48972
24.79539
24.12494
23.47685
22.84979
22.24256
21.65412
21.08356
20.53011
19.99309
19.47193
18.96614
18.47528
17.99902
17.53705
17.08913
16.6551
16.23484
15.82829
15.43548
15.05648
14.69149
14.34078
14.00474
13.68392
13.37898
13.09081
12.82049
12.56937
12.33909
12.13165
11.94947
11.79546
11.67309
11.58649
11.54058
11.54112
11.59485
11.70963
11.89447
12.15966
12.51672
12.97837
13.55833
14.2709
15.13042
16.15031
17.34183
18.71241
20.26371
21.98928
23.87236
25.88392
27.98154
30.10969
32.20187
34.18475
35.98423
37.53256
38.77542
39.67757
40.22597
40.42964
40.31675
39.92953
39.31816
38.535
37.62981
36.64654
35.62158
34.58332
33.55263
32.54389
31.56619
30.62458
29.72117
28.85609
28.02819
27.2356
26.47611
25.74741
25.0473
24.37371
23.72484
23.09907
22.49505
21.91163
21.34786
20.80296
20.27632
19.76745
19.27602
18.8018
18.34468
17.90467
17.48191
17.07666
16.68931
16.32043
15.97073
15.64116
15.33286
15.04724
14.78602
14.55126
14.34542
14.17139
14.0326
13.93307
13.87745
13.87113
13.92028
14.0319
14.21386
14.47485
14.82436
15.27247
15.82957
16.50599
17.31133
18.25368
19.33853
20.56757
21.93722
23.43717
25.04911
26.74582
28.49094
30.23978
31.94131
33.54133
34.98659
36.22939
37.23192
37.96958
38.43274
38.62666
38.56965
38.29001
37.82225
37.20342
36.4699
35.65501
34.78761
33.89138
32.98487
32.08189
31.19223
30.32238
29.47628
28.65596
27.86216
27.09468
26.3528
25.63545
24.94146
24.26957
23.6186
22.98742
22.37501
21.78044
21.20288
20.64158
20.09588
19.56517
19.04891
18.54661
18.0578
17.58207
17.11902
16.66829
16.22951
15.80236
15.38652
14.98168
14.58754
14.20383
13.83026
13.46657
13.11252
12.76784
12.43231
12.10569
11.78777
11.47833
11.17716
10.88408
10.59891
10.32147
10.0516
9.789162
9.53402
9.286063
9.045198
8.811354
8.584488
8.364588
8.15168
7.945836
7.74718
7.555902
7.372271
7.196653
7.029529
6.871522
6.723429
6.586257
6.461274
6.35006
6.254581
6.177273
6.121142
6.089884
6.088035
6.121136
6.195934
6.320604
6.504996
6.760905
7.102328
7.5457
8.110056
8.817047
9.690719
10.75691
12.04213
13.57168
15.36687
17.44124
19.7958
22.4136
25.25452
28.25142
31.30919
34.30856
37.11533
39.59469
41.62848
43.13157
44.06323
44.43065
44.28384
43.70404
42.78902
41.63891
40.34532
38.98469
37.61574
36.27992
35.00379
33.80207
32.68081
31.64018
30.67668
29.7848
28.95821
28.1905
27.47565
26.80829
26.1838
25.59833
25.04879
24.53276
24.04843
23.59454
23.17031
22.77537
22.40974
22.07377
21.76813
21.49376
21.25189
21.044
20.87181
20.73727
20.64256
20.59005
20.58225
20.62181
20.71142
20.85377
21.05141
21.30663
21.62134
21.99686
22.43371
22.93139
23.48814
24.1007
24.76412
25.47157
26.21426
26.98146
27.76065
28.53779
29.29778
30.02505
30.70418
31.3207
31.86178
32.31684
32.67808
32.94076
33.10326
33.16698
33.13597
33.01651
32.81652
32.54502
32.21156
31.82577
31.39698
30.9339
30.44447
29.93575
29.41392
28.88425
28.35122
27.81859
27.28946
26.76645
26.25171
25.74708
25.25409
24.7741
24.30832
23.85789
23.42385
23.00729
22.60927
22.23092
21.87345
21.53814
21.22641
20.9398
20.68002
20.44894
20.24864
20.08137
19.94961
19.85605
19.80359
19.79531
19.83445
19.92439
20.06852
20.2702
20.53261
20.85858
21.25043
21.70969
22.23684
22.83106
23.48988
24.20888
24.98148
25.79874
26.64931
27.5195
28.39356
29.25418
30.08311
30.86203
31.57341
32.2015
32.73316
33.15851
33.47141
33.66958
33.75449
33.73092
33.60638
33.39043
33.09393
32.72831
32.30505
31.83509
31.3286
30.79467
30.24129
29.67529
29.10241
28.5274
27.95415
27.38581
26.82492
26.2735
25.73324
25.20549
24.6914
24.19197
23.70812
23.24069
22.79053
22.35852
21.94556
21.55263
21.18084
20.83138
20.5056
20.20501
19.9313
19.68638
19.47237
19.29164
19.14683
19.04083
18.97684
18.95829
18.9889
19.07257
19.21337
19.41543
19.68282
20.01937
20.42845
20.91272
21.47382
22.11195
22.82556
23.61089
24.46163
25.36861
26.31963
27.29948
28.29017
29.27146
30.22161
31.11844
31.94047
32.66818
33.28515
33.77904
34.14216
34.37174
34.46971
34.44224
34.29888
34.05163
33.71399
33.30001
32.82357
32.29771
31.73432
31.14384
30.53522
29.91593
29.2921
28.66863
28.04939
27.43742
26.83502
26.24399
25.66569
25.10119
24.55134
24.01683
23.49828
22.99624
22.51127
22.04397
21.59495
21.16493
20.75471
20.3652
19.99745
19.65267
19.33225
19.03779
18.77111
18.53429
18.32971
18.16004
18.02829
17.93782
17.89236
17.89602
17.95324
18.0688
18.24769
18.4951
18.81618
19.21588
19.69863
20.26807
20.92655
21.67467
22.51076
23.43032
24.42549
25.48468
26.59231
27.72887
28.87133
29.9939
31.06918
32.06969
32.96951
33.74599
34.38122
34.86313
35.18606
35.35072
35.36364
35.23614
34.98302
34.62125
34.16862
33.64266
33.05984
32.43493
31.78076
31.10812
30.4258
29.7408
29.05855
28.38313
27.71759
27.0641
26.42421
25.79896
25.18908
24.59504
24.01715
23.45565
22.91071
22.38252
21.87127
21.37721
20.90062
20.44188
20.00146
19.57994
19.17801
18.79652
18.43648
18.09908
17.78574
17.49811
17.23813
17.00804
16.81043
16.64829
16.52503
16.44453
16.41115
16.42977
16.5058
16.64513
16.85412
17.13943
17.50795
17.96646
18.52137
19.17823
19.9412
20.81238
21.79102
22.87273
24.04868
25.30495
26.62209
27.97514
29.33415
30.66525
31.93245
33.09981
34.13401
35.00681
35.69713
36.19249
36.48952
36.59354
36.51735
36.27945
35.90199
35.40874
34.82337
34.16808
33.46267
32.72411
31.96636
31.20053
30.43513
29.67647
28.92904
28.19591
27.47905
26.77959
26.09813
25.43485
24.78968
24.16239
23.55269
22.96023
22.3847
21.82577
21.2832
20.75676
20.2463
19.75172
19.273
18.81018
18.36337
17.9328
17.51878
17.12171
16.74215
16.3808
16.03852
15.71636
15.41562
15.13784
14.88487
14.65893
14.46262
14.299
14.17168
14.08483
14.0433
14.05267
14.11927
14.25028
14.45369
14.7383
15.11357
15.5895
16.17622
16.88361
17.72058
18.69422
19.80871
21.06406
22.45468
23.96805
25.58352
27.27167
28.99437
30.70591
32.35529
33.88955
35.258
36.41659
37.3319
37.9839
38.36724
38.49059
38.37459
38.0486
37.54709
36.90613
36.16054
35.34178
34.4768
33.58749
32.6909
31.79959
30.92243
30.0652
29.23139
28.42277
27.63991
26.88256
26.14999
25.44119
24.75502
24.09033
23.44599
22.82095
22.21425
21.62501
21.05246
20.49588
19.95464
19.42817
18.91596
18.41752
17.93242
17.46025
17.00063
16.55318
16.11758
15.69349
15.28059
14.87859
14.4872
14.10613
13.73512
13.37389
13.0222
12.6798
12.34645
12.02192
11.70598
11.39842
11.09903
10.80761
10.52398
10.24795
9.979336
9.71799
9.463756
9.216494
8.976079
8.742401
8.515368
8.294911
8.080982
7.873564
7.672674
7.478371
7.290763
7.110016
6.936372
6.77016
6.611814
6.461903
6.321153
6.19049
6.071077
5.964373
5.872195
5.796802
5.740988
5.708202
5.702682
5.729628
5.79539
5.907692
6.075881
6.311202
6.627075
7.039362
7.566582
8.230002
9.053537
10.06331
11.2867
12.75078
14.47975
16.49137
18.7924
21.37299
24.20109
27.21754
30.33387
33.43429
36.38341
39.03967
41.27287
42.98226
44.11059
44.65066
44.64249
44.16289
43.31038
42.18976
40.89954
39.52362
38.12767
36.75888
35.44809
34.21297
33.06139
31.99445
31.00899
30.09943
29.25915
28.4813
27.7594
27.08764
26.46098
25.87519
25.32686
24.8133
24.33249
23.88296
23.46379
23.07448
22.71494
22.38543
22.08651
21.81907
21.58422
21.38335
21.21807
21.09021
21.00179
20.955
20.95215
20.99564
21.08788
21.23123
21.42788
21.67976
21.98833
22.35448
22.7783
23.25889
23.79415
24.38056
25.01304
25.6848
26.3873
27.1103
27.84202
28.56938
29.2785
29.95514
30.58535
31.15612
31.65594
32.0754
32.40759
32.6483
32.79616
32.8524
32.82067
32.70658
32.51723
32.26074
31.94573
31.58096
31.17494
30.73571
30.27064
29.78635
29.28866
28.78265
28.27265
27.76233
27.25481
26.75271
26.25824
25.77332
25.29957
24.83846
24.39129
23.95929
23.54363
23.14548
22.76602
22.40647
22.06811
21.75234
21.46064
21.19465
20.95612
20.74699
20.56935
20.42549
20.31787
20.24913
20.22207
20.23963
20.30483
20.42075
20.59042
20.81669
21.10215
21.44891
21.85844
22.33131
22.86695
23.46342
24.11711
24.82252
25.57211
26.35624
27.16313
27.97916
28.7891
29.57673
30.32545
31.01905
31.64252
32.18281
32.62953
32.97538
33.21642
33.35211
33.38503
33.32048
33.16595
32.93047
32.624
32.25685
31.83923
31.3808
30.89051
30.37636
29.84536
29.30357
28.7561
28.20721
27.66046
27.11875
26.58449
26.05963
25.54585
25.04454
24.55691
24.08407
23.62703
23.18678
22.76432
22.36065
21.97686
21.6141
21.27364
20.95687
20.66533
20.40072
20.16495
19.9601
19.78849
19.65266
19.5554
19.49971
19.48882
19.52616
19.6153
19.75989
19.96358
20.22985
20.56189
20.96239
21.43324
21.97531
22.58809
23.26935
24.01484
24.81797
25.66961
26.558
27.4688
28.38538
29.28932
30.1611
30.98103
31.73022
32.39166
32.95113
33.39803
33.72576
33.93202
34.01852
33.99062
33.85662
33.62698
33.31352
32.9286
32.48453
31.993
31.46476
30.90937
30.33513
29.74909
29.15709
28.56395
27.97352
27.3889
26.81254
26.24639
25.69199
25.1506
24.62326
24.11085
23.61418
23.13399
22.67103
22.22607
21.79991
21.39346
21.00769
20.64373
20.3028
19.98634
19.69594
19.43341
19.20079
19.00038
18.83474
18.70674
18.61955
18.57663
18.58176
18.63899
18.7526
18.92704
19.16678
19.47623
19.85948
20.32007
20.86066
21.48269
22.18593
22.96805
23.82417
24.74647
25.72389
26.74199
27.78308
28.82657
29.84972
30.82858
31.73926
32.55931
33.26909
33.85295
34.30018
34.6054
34.76864
34.79486
34.69317
34.47584
34.15716
33.75237
33.27674
32.74483
32.16996
31.5639
30.93676
30.29696
29.65138
29.0055
28.36361
27.729
27.10417
26.49098
25.89081
25.3047
24.73342
24.17758
23.63768
23.11414
22.6074
22.11788
21.64606
21.19247
20.75773
20.34257
19.94781
19.57444
19.22362
18.89665
18.5951
18.32074
18.07562
17.86209
17.68282
17.54084
17.43958
17.38286
17.37492
17.42041
17.52438
17.69221
17.92953
18.24208
18.63553
19.11514
19.68551
20.35005
21.11049
21.96632
22.91409
23.94683
25.05355
26.21879
27.42263
28.64094
29.84613
31.00835
32.09713
33.08322
33.94062
34.64834
35.1918
35.56359
35.76359
35.79837
35.68009
35.42499
35.05186
34.5805
34.03041
33.41985
32.76515
32.08037
31.37726
30.66527
29.95181
29.24255
28.54167
27.85217
27.17613
26.51495
25.8695
25.24032
24.62768
24.03172
23.45246
22.88992
22.34409
21.81498
21.30266
20.80722
20.32885
19.86781
19.42445
18.99922
18.59272
18.20565
17.8389
17.49352
17.17078
16.87217
16.59949
16.35481
16.14057
15.95961
15.81519
15.71108
15.65157
15.64155
15.68647
15.79242
15.96608
16.21465
16.54575
16.96723
17.48688
18.11201
18.84896
19.70236
20.67438
21.76373
22.96474
24.26638
25.65151
27.09649
28.57129
30.0403
31.46393
32.80087
34.01103
35.05854
35.91466
36.55996
36.98558
37.19326
37.19431
37.0077
36.65768
36.17125
35.57588
34.89772
34.16031
33.38387
32.58505
31.77702
30.96979
30.17069
29.38482
28.61552
27.86485
27.13388
26.42301
25.73219
25.06109
24.40922
23.77599
23.16083
22.56314
21.98238
21.41806
20.86974
20.33701
19.81955
19.31708
18.82936
18.35624
17.89759
17.45335
17.02353
16.60821
16.20753
15.82174
15.45119
15.09632
14.75775
14.43623
14.13272
13.84837
13.58462
13.3432
13.12618
12.93608
12.77587
12.64907
12.55987
12.51317
12.51467
12.57102
12.68983
12.87979
13.15065
13.51322
13.97923
14.56109
15.27146
16.12262
17.12557
18.28879
19.61677
21.1082
22.75406
24.5358
26.42394
28.37747
30.3445
32.26453
34.07236
35.70334
37.09942
38.2149
39.02082
39.50728
39.68305
39.57306
39.21407
38.64966
37.92545
37.08506
36.16745
35.20526
34.22446
33.24453
32.27932
31.33798
30.42598
29.54611
28.69922
27.88489
27.10194
26.34876
25.62355
24.92452
24.24996
23.59829
22.9681
22.35815
21.76736
21.1948
20.63966
20.10127
19.57904
19.07248
18.58118
18.1048
17.64307
17.1958
16.76283
16.34412
15.93965
15.54953
15.17392
14.81312
14.46751
14.13764
13.8242
13.52807
13.25035
12.99239
12.75586
12.54277
12.35554
12.19708
12.07086
11.981
11.93236
11.93067
11.98257
12.0958
12.27919
12.54276
12.89772
13.35637
13.93187
14.63788
15.48794
16.49457
17.66805
19.0148
20.53556
22.22318
24.06059
26.01903
28.05711
30.1212
32.14753
34.06618
35.80676
37.30509
38.50972
39.38718
39.92484
40.1308
40.03126
39.66574
39.08155
38.32826
37.45332
36.49891
35.50022
34.48499
33.47384
32.48116
31.51629
30.5846
29.68859
28.82875
28.00429
27.21362
26.45478
25.7257
25.0243
24.34867
23.69707
23.06797
22.46004
21.87215
21.30333
20.7528
20.21989
19.70408
19.20494
18.72216
18.25552
17.80491
17.3703
16.95178
16.54954
16.16388
15.79524
15.44423
15.11161
14.79835
14.50566
14.235
13.98816
13.76729
13.57495
13.4142
13.28864
13.2025
13.16073
13.16908
13.23415
13.36347
13.56555
13.84987
14.22677
14.70734
15.3031
16.02553
16.88541
17.89186
19.05122
20.36552
21.83091
23.43595
25.16008
26.97265
28.8327
30.68999
32.48744
34.16494
35.6643
36.9345
37.93664
38.64739
39.06059
39.18659
39.04968
38.68419
38.13008
37.42878
36.61976
35.73824
34.81386
33.87025
32.92535
31.99205
31.07903
30.19164
29.3328
28.50362
27.70402
26.93317
26.18981
25.47246
24.77961
24.10977
23.46157
22.83375
22.22518
21.63488
21.06195
20.50564
19.96526
19.44021
18.92997
18.43406
17.95206
17.4836
17.02835
16.58601
16.15632
15.73905
15.33402
14.94108
14.56013
14.19111
13.834
13.48888
13.15585
12.83514
12.52705
12.23199
11.95052
11.68336
11.43141
11.19579
10.97792
10.77951
10.60266
10.44992
10.3244
10.2298
10.17058
10.15208
10.18059
10.26359
10.40979
10.62933
10.93387
11.3366
11.85223
12.49674
13.28703
14.24019
15.3724
16.6974
18.22449
19.95595
21.88423
23.989
26.23477
28.56956
30.92547
33.22177
35.37072
37.28568
38.89035
40.12751
40.96524
41.39946
41.45226
41.16671
40.59956
39.81337
38.86975
37.82429
36.72366
35.60456
34.49399
33.41042
32.36542
31.36522
30.41221
29.50623
28.64548
27.8273
27.04863
26.30637
25.59758
24.91962
24.27016
23.64722
23.04916
22.47466
21.92268
21.39244
20.88339
20.3952
19.92773
19.48106
19.05543
18.65128
18.26927
17.91026
17.57533
17.26586
16.98346
16.73011
16.50812
16.32019
16.16947
16.05959
15.99468
15.97943
16.01913
16.11959
16.28723
16.52892
16.85191
17.26361
17.77136
18.38195
19.1012
19.93324
20.87979
21.93924
23.10579
24.36853
25.71081
27.10986
28.53692
29.95805
31.33561
32.6304
33.80432
34.82321
35.65953
36.29443
36.7189
36.9339
36.94944
36.78288
36.45671
35.99627
35.42757
34.77558
34.06298
33.30942
32.53126
31.74156
30.95041
30.16528
29.39147
28.63259
27.89091
27.16775
26.46371
25.77895
25.11328
24.46635
23.83773
23.22692
22.63344
22.05682
21.49666
20.95258
20.42427
19.91147
19.41398
18.93166
18.46443
18.01226
17.57523
17.15347
16.7472
16.35674
15.98253
15.62515
15.28532
14.96394
14.66212
14.38122
14.12289
13.88908
13.68216
13.50491
13.36066
13.2533
13.18738
13.16821
13.20191
13.29552
13.457
13.69529
14.02027
14.44263
14.97368
15.62497
16.40773
17.33209
18.40607
19.63421
21.01608
22.54461
24.20441
25.9705
27.80759
29.67043
31.50543
33.25374
34.8556
36.25553
37.40755
38.27949
38.85571
39.13765
39.14227
38.89882
38.44458
37.82055
37.06752
36.22322
35.32039
34.38592
33.44083
32.50068
31.57636
30.67495
29.80063
28.95545
28.13992
27.35361
26.59545
25.86409
25.15802
24.47574
23.81582
23.17692
22.55787
21.95759
21.37514
20.8097
20.26054
19.72702
19.20856
18.70468
18.21492
17.73888
17.2762
16.82656
16.38968
15.96531
15.55324
15.1533
14.76533
14.38926
14.02504
13.67266
13.33222
13.00384
12.68777
12.38432
12.09394
11.81723
11.55494
11.30802
11.07766
10.86532
10.6728
10.50232
10.35652
10.23865
10.15259
10.10297
10.09536
10.13633
10.23363
10.39633
10.63494
10.9615
11.38964
11.93444
12.61225
13.44019
14.43538
15.61374
16.98834
18.56724
20.35085
22.32896
24.47795
26.75844
29.11435
31.47403
33.754
35.86535
37.72241
39.25206
40.40218
41.14715
41.48938
41.45675
41.09667
40.46841
39.63537
38.65852
37.59186
36.47998
35.35735
34.24888
33.17128
32.13467
31.14419
30.20149
29.30586
28.45519
27.64664
26.87708
26.14339
25.44267
24.77233
24.13011
23.5141
22.92275
22.35479
21.80925
21.28542
20.7828
20.30113
19.84033
19.40054
18.98207
18.58543
18.21134
17.86076
17.53487
17.23514
16.9633
16.72145
16.51205
16.33796
16.20248
16.10942
16.06311
16.06842
16.13082
16.2563
16.45141
16.7231
17.07862
17.52529
18.07015
18.71957
19.47865
20.35054
21.33565
22.43076
23.62811
24.91467
26.27151
27.67371
29.09067
30.48722
31.8253
33.06633
34.17394
35.11667
35.8705
36.42046
36.76147
36.89801
36.84289
36.61538
36.23895
35.73903
35.14106
34.46896
33.74406
32.98461
32.20557
31.41876
30.63321
29.85551
29.09029
28.34064
27.60849
26.89488
26.20027
25.52471
24.86797
24.22971
23.60947
23.0068
22.42125
21.85238
21.29984
20.76328
20.24243
19.73709
19.24708
18.77234
18.31281
17.86855
17.43967
17.02639
16.629
16.24792
15.88371
15.53704
15.2088
14.90004
14.61207
14.34646
14.10512
13.8903
13.70469
13.55149
13.43443
13.35789
13.32698
13.3476
13.42649
13.57134
13.79076
14.09429
14.49229
14.99573
15.61591
16.36389
17.24981
18.2819
19.46526
20.80042
22.2817
23.89564
25.61959
27.42099
29.25737
31.07776
32.82535
34.44148
35.87056
37.06516
37.99049
38.62741
38.97345
39.04175
38.85827
38.45787
37.88
37.16487
36.35032
35.46972
34.55095
33.61612
32.68188
31.7601
30.85876
29.98273
29.1346
28.31532
27.52477
26.7621
26.02609
25.31534
24.6284
23.96388
23.32046
22.69694
22.09227
21.50548
20.93574
20.3823
19.84451
19.32177
18.81357
18.31944
17.83895
17.37172
16.91739
16.47565
16.04621
15.62881
15.2232
14.8292
14.44663
14.07534
13.71524
13.36627
13.02842
12.70174
12.38633
12.08237
11.79016
11.51008
11.24262
10.98847
10.74846
10.52366
10.31538
10.12525
9.955278
9.807888
9.686047
9.593335
9.534068
9.51342
9.537567
9.613838
9.750875
9.958787
10.24928
10.63575
11.13326
11.75846
12.52918
13.46387
14.58054
15.89531
17.42035
19.16128
21.1141
23.26194
25.57208
27.99403
30.45942
32.88463
35.17634
37.24006
38.99026
40.36037
41.31048
41.83108
41.94199
41.68715
41.12665
40.32801
39.35835
38.27855
37.13983
35.98236
34.83561
33.71959
32.64666
31.62328
30.65176
29.73159
28.86055
28.0355
27.25294
26.50937
25.8015
25.12638
24.48148
23.86465
23.27414
22.70855
22.16682
21.64818
21.15215
20.67847
20.22712
19.79832
19.39249
19.01028
18.65258
18.32052
18.01551
17.73923
17.49369
17.28125
17.10465
16.96704
16.87202
16.82366
16.82649
16.88557
17.00637
17.19482
17.45712
17.79966
18.22874
18.7503
19.3695
20.09022
20.91443
21.84154
22.8676
23.98465
25.18002
26.43603
27.72985
29.03396
30.31708
31.54568
32.68593
33.70597
34.57822
35.28132
35.80164
36.13385
36.28085
36.25273
36.06535
35.7385
35.29401
34.75411
34.14009
33.47128
32.76456
32.03407
31.29128
30.54516
29.80253
29.06839
28.34628
27.63858
26.94683
26.27191
25.61429
24.97413
24.35138
23.74591
23.15752
22.58599
22.03115
21.49281
20.97088
20.46528
19.97602
19.50319
19.04693
18.60751
18.18527
17.78068
17.39433
17.02697
16.67952
16.35311
16.04906
15.76901
15.51485
15.28886
15.09369
14.93245
14.80877
14.72684
14.69145
14.70811
14.78301
14.92309
15.13602
15.43011
15.8142
16.29747
16.889
17.5974
18.43005
19.39234
20.48658
21.71088
23.05789
24.51373
26.05699
27.65845
29.28135
30.88267
32.41538
33.8316
35.08627
36.14097
36.96722
37.54868
37.88198
37.97601
37.85001
37.53071
37.04918
36.43788
35.72812
34.94836
34.12307
33.27236
32.41203
31.55395
30.70663
29.87586
29.06524
28.27683
27.5115
26.76936
26.05001
25.35275
24.67672
24.021
23.38468
22.76689
22.16681
21.58371
21.01692
20.46582
19.92987
19.40857
18.9015
18.40823
17.92841
17.4617
17.0078
16.56644
16.13737
15.72038
15.31528
14.92191
14.54014
14.16991
13.81116
13.46392
13.12825
12.80428
12.49225
12.19246
11.90533
11.63144
11.37149
11.12641
10.89732
10.68563
10.49308
10.32177
10.17428
10.05371
9.963815
9.909102
9.894947
9.927745
10.01505
10.16574
10.39013
10.70008
11.10908
11.63218
12.28579
13.0873
14.05433
15.20362
16.54951
18.10176
19.86296
21.82557
23.96885
26.25635
28.63451
31.03327
33.36932
35.55217
37.49269
39.11275
40.35431
41.18576
41.60444
41.63467
41.32215
40.72619
39.9116
38.94168
37.8731
36.7531
35.61845
34.49599
33.4038
32.35301
31.34936
30.39484
29.48889
28.6294
27.81346
27.03781
26.2992
25.5946
24.92128
24.27687
23.65938
23.06716
22.4989
21.95358
21.43047
20.92906
20.44909
19.99049
19.55342
19.13822
18.74544
18.37587
18.0305
17.71059
17.41767
17.15357
16.92047
16.72092
16.55788
16.43474
16.35541
16.32429
16.34632
16.42698
16.57226
16.78863
17.08287
17.46197
17.93282
18.50192
19.17484
19.95571
20.84648
21.84615
22.94991
24.14837
25.42684
26.765
28.13686
29.51141
30.85379
32.12717
33.29506
34.32392
35.18572
35.85999
36.33519
36.60911
36.68836
36.58697
36.32451
35.92401
35.40985
34.80605
34.13493
33.41626
32.66683
31.90035
31.12763
30.3569
29.59419
28.84374
28.1084
27.38994
26.68937
26.00714
25.34335
24.69784
24.07033
23.46047
22.86787
22.29219
21.73307
21.19024
20.66345
20.15252
19.65733
19.17782
18.714
18.26596
17.83387
17.41801
17.01874
16.63656
16.27209
15.92613
15.59967
15.29389
15.01025
14.75047
14.51663
14.31119
14.13706
13.99765
13.89696
13.83963
13.83101
13.87725
13.98532
14.16306
14.41914
14.76304
15.20483
15.75497
16.42385
17.22123
18.15538
19.2321
20.45344
21.8163
23.31091
24.91958
26.61567
28.36335
30.11833
31.82975
33.44326
34.90519
36.16707
37.19011
37.9486
38.43183
38.64411
38.60304
38.33649
37.87886
37.2673
36.53848
35.72614
34.85953
33.96279
33.05484
32.14981
31.25775
30.38533
29.53663
28.71377
27.91753
27.14777
26.40376
25.68444
24.98861
24.31504
23.66249
23.02986
22.41609
21.82024
21.24148
20.67904
20.13226
19.60053
19.08329
18.58005
18.09035
17.61377
17.1499
16.69838
16.25886
15.831
15.41447
15.00898
14.61423
14.22994
13.85584
13.49166
13.13715
12.79207
12.45619
12.12927
11.81112
11.50153
11.2003
10.90725
10.62222
10.34506
10.07563
9.813818
9.559522
9.312674
9.073231
8.841186
8.61657
8.399464
8.190004
7.988399
7.794938
7.610015
7.434144
7.267991
7.112405
6.968455
6.837483
6.72116
6.621559
6.541241
6.483363
6.451793
6.451268
6.487558
6.567668
6.700057
6.894883
7.164256
7.522481
7.986262
8.57482
9.309842
10.21517
11.3161
12.63807
14.20471
16.03485
18.13867
20.51295
23.13588
25.96229
28.92055
31.91273
34.81929
37.50923
39.85447
41.74649
43.11114
43.91814
44.18267
43.95925
43.32988
42.3899
41.235
39.95148
38.61054
37.2664
35.95703
34.70652
33.52802
32.42675
31.40255
30.45193
29.56961
28.74959
27.98582
27.27265
26.60506
25.97871
25.39004
24.83614
24.31478
23.82429
23.36352
22.93178
22.52877
22.15456
21.80954
21.49443
21.21021
20.95816
20.73979
20.55691
20.41155
20.306
20.24275
20.2245
20.25411
20.33452
20.46872
20.65962
20.90995
21.22209
21.59785
22.03831
22.54355
23.11236
23.74199
24.42789
25.1635
25.94013
26.74688
27.57079
28.39707
29.2096
29.99147
30.72578
31.3964
31.98886
32.49105
32.89385
33.19151
33.38176
33.46573
33.44756
33.33394
33.13346
32.85594
32.51186
32.11175
31.66581
31.18355
30.67358
30.14353
29.59999
29.04858
28.49399
27.94012
27.39017
26.84677
26.31206
25.78781
25.27552
24.77644
24.2917
23.82233
23.36928
22.93352
22.51602
22.11778
21.7399
21.38356
21.05007
20.74085
20.45751
20.20183
19.97577
19.78154
19.62154
19.49845
19.41515
19.3748
19.38076
19.43658
19.54596
19.71266
19.9404
20.2327
20.59272
21.02302
21.52531
22.1001
22.7464
23.46135
24.23989
25.07449
25.95494
26.8683
27.79906
28.72946
29.64014
30.51089
31.32165
32.0536
32.69022
33.21818
33.62811
33.91491
34.07784
34.12022
34.04885
33.87328
33.60493
33.25629
32.84012
32.36885
31.85412
31.30644
30.73507
30.14794
29.55168
28.95178
28.35266
27.75787
27.17022
26.59191
26.02469
25.46994
24.92878
24.40214
23.89083
23.39558
22.91711
22.4561
22.01332
21.58956
21.18571
20.80275
20.44182
20.10418
19.79127
19.50472
19.2464
19.0184
18.82308
18.66309
18.54138
18.46122
18.42619
18.4402
18.50744
18.63233
18.81946
19.07346
19.39885
19.79984
20.28001
20.84205
21.4873
22.21535
23.02356
23.90659
24.85602
25.86001
26.90326
27.96708
29.0299
30.06799
31.0566
31.97123
32.78914
33.49073
34.06077
34.48922
34.77169
34.90932
34.90824
34.7787
34.53393
34.18904
33.75987
33.26207
32.7104
32.11822
31.49721
30.85732
30.20676
29.55215
28.89874
28.25057
27.61074
26.98154
26.36467
25.76138
25.17257
24.59892
24.04095
23.49909
22.97371
22.46518
21.97389
21.50028
21.04483
20.60813
20.19087
19.79385
19.41802
19.06451
18.7346
18.42981
18.15189
17.90288
17.68509
17.50118
17.35418
17.2475
17.18499
17.17092
17.20999
17.30733
17.46846
17.69916
18.00539
18.39308
18.86785
19.43469
20.09747
20.85847
21.71771
22.67233
23.71589
24.83782
26.02296
27.25145
28.49893
29.73726
30.93572
32.06262
33.08734
33.98233
34.72511
35.29978
35.69791
35.91871
35.96852
35.85961
35.6087
35.23524
34.75984
34.20283
33.58327
32.91822
32.22233
31.5078
30.78445
30.05994
29.34006
28.62908
27.93002
27.24495
26.57523
25.92168
25.28476
24.66468
24.0615
23.47518
22.90566
22.35285
21.81671
21.29722
20.79442
20.30841
19.83937
19.38757
18.95336
18.53722
18.13976
17.76172
17.40402
17.06776
16.75427
16.46513
16.20219
15.96765
15.76407
15.59444
15.46222
15.37139
15.32648
15.33267
15.39575
15.52217
15.71901
15.99392
16.35496
16.81041
17.36846
18.03672
18.82167
19.72789
20.75714
21.90737
23.17164
24.53718
25.98454
27.48737
29.01259
30.52154
31.97183
33.32
34.52476
35.55021
36.36885
36.96361
37.32887
37.47006
37.40222
37.14773
36.73359
36.18879
35.54204
34.81999
34.0461
33.24013
32.418
31.59201
30.77131
29.96238
29.16958
28.39563
27.64202
26.9094
26.19782
25.50697
24.8363
24.18515
23.55282
22.93862
22.34189
21.76202
21.19845
20.65068
20.11827
19.60084
19.09803
18.60957
18.13522
17.67477
17.22807
16.79504
16.37563
15.96986
15.57781
15.19963
14.83558
14.48601
14.15139
13.83233
13.52961
13.24419
12.97727
12.73032
12.50514
12.30387
12.12911
11.98398
11.87218
11.7981
11.76691
11.7847
11.85854
11.99659
12.20822
12.50397
12.89562
13.39598
14.01869
14.77773
15.68674
16.75796
18.00089
19.42056
21.01547
22.7754
24.67931
26.69377
28.77238
30.85667
32.87893
34.76694
36.45029
37.86729
38.97142
39.73591
40.15572
40.24638
40.04034
39.58168
38.92022
38.10629
37.18659
36.20153
35.18407
34.15952
33.14624
32.15663
31.19838
30.27558
29.38978
28.54079
27.72735
26.94761
26.19943
25.48064
24.78917
24.12312
23.48079
22.86069
22.26156
21.68232
21.12208
20.58011
20.05581
19.54872
19.05847
18.58484
18.12769
17.68697
17.26278
16.8553
16.46485
16.09188
15.73701
15.40103
15.08492
14.78993
14.51756
14.26963
14.04832
13.85625
13.6965
13.57271
13.48916
13.45082
13.46344
13.53361
13.66883
13.87751
14.16898
14.55338
15.04147
15.64434
16.3729
17.23721
18.24553
19.40318
20.71109
22.16423
23.75008
25.44725
27.22461
29.04131
30.84795
32.58906
34.20691
35.64619
36.85905
37.80955
38.47684
38.8564
38.95923
38.80936
38.44005
37.8897
37.1979
36.40234
35.53658
34.62891
33.70195
32.77291
31.85422
30.95434
30.07854
29.22977
28.40922
27.61697
26.85233
26.11418
25.40119
24.71197
24.04513
23.39939
22.77356
22.16658
21.57749
21.00546
20.44973
19.90963
19.38457
18.87403
18.37751
17.89459
17.42486
16.96795
16.52354
16.0913
15.67095
15.26222
14.86488
14.47871
14.10352
13.73916
13.38548
13.04239
12.70984
12.38782
12.07637
11.7756
11.48568
11.20687
10.93957
10.68424
10.44154
10.21228
9.997491
9.798459
9.61677
9.454377
9.31367
9.197562
9.109583
9.054002
9.035954
9.061589
9.138233
9.274558
9.480755
9.76868
10.15197
10.64607
11.26815
12.03677
12.97134
14.09111
15.41368
16.95292
18.71632
20.70171
22.89374
25.26062
27.75176
30.29738
32.81083
35.19434
37.34784
39.17988
40.61852
41.6199
42.17261
42.29674
42.03843
41.46127
40.63682
39.63619
38.52372
37.35325
36.16678
34.99481
33.85785
32.76826
31.73228
30.75184
29.82597
28.95201
28.12639
27.34526
26.60481
25.9015
25.2322
24.59423
23.98534
23.40373
22.84799
22.31705
21.81018
21.32695
20.86719
20.43098
20.01864
19.63076
19.26813
18.93183
18.6232
18.34384
18.0957
17.88102
17.70242
17.56292
17.46591
17.41524
17.41516
17.47035
17.58589
17.76718
18.01985
18.3496
18.76198
19.26211
19.85429
20.54155
21.3251
22.20371
23.17309
24.22529
25.34818
26.52516
27.73516
28.95307
30.15055
31.29739
32.3632
33.31934
34.14089
34.80832
35.30882
35.63683
35.79399
35.78844
35.63351
35.34629
34.94596
34.45238
33.88484
33.26116
32.59715
31.90627
31.19969
30.48632
29.77311
29.06531
28.36677
27.68025
27.00761
26.35012
25.70853
25.08331
24.47469
23.88277
23.30756
22.74907
22.20728
21.68223
21.17397
20.68263
20.20842
19.75159
19.31254
18.89175
18.48982
18.10751
17.74573
17.4056
17.08842
16.79577
16.52948
16.29173
16.08503
15.91232
15.77699
15.68292
15.63453
15.63686
15.6955
15.8167
16.00727
16.27452
16.62618
17.0701
17.61403
18.26513
19.02941
19.91103
20.91144
22.02844
23.2552
24.5793
25.98211
27.43842
28.91676
30.38038
31.78896
33.10117
34.27755
35.28359
36.09253
36.68733
37.06162
37.21956
37.17446
36.94682
36.56179
36.04671
35.42896
34.73419
33.98524
33.20152
32.39886
31.58967
30.78329
29.98646
29.20384
28.43843
27.69201
26.96547
26.25908
25.57271
24.90598
24.25835
23.62925
23.01808
22.42425
21.84725
21.28656
20.74177
20.2125
19.69841
19.19925
18.71479
18.24486
17.78938
17.34828
16.92158
16.50937
16.11183
15.7292
15.36184
15.01025
14.67505
14.35703
14.05716
13.77667
13.51702
13.28
13.06778
12.88291
12.72848
12.60812
12.52612
12.48753
12.49823
12.56501
12.69569
12.89915
13.18536
13.56532
14.05091
14.65468
15.3893
16.26694
17.29833
18.4914
19.84982
21.37111
23.04474
24.85032
26.75634
28.71972
30.68673
32.59557
34.38052
35.97745
37.32991
38.39472
39.14606
39.5774
39.70065
39.54329
39.14378
38.54655
37.79725
36.93899
36.00976
35.04115
34.05795
33.07862
32.11611
31.17883
30.27171
29.39712
28.55563
27.74664
26.96885
26.22059
25.50004
24.80541
24.135
23.48726
22.8608
22.25441
21.66703
21.09775
20.5458
20.01052
19.49133
18.98777
18.49944
18.02602
17.56726
17.12298
16.69305
16.27743
15.87615
15.48933
15.11718
14.76002
14.41828
14.09256
13.7836
13.49237
13.22003
12.96805
12.73818
12.53258
12.35382
12.20498
12.08973
12.01242
11.97819
11.99303
12.06393
12.19894
12.40727
12.6993
13.08655
13.58157
14.19767
14.94845
15.84713
16.90551
18.13268
19.53328
21.10559
22.83936
24.71383
26.69622
28.74118
30.79172
32.78191
34.64146
36.30173
37.70249
38.79804
39.56173
39.98788
40.09078
39.90129
39.46174
38.82037
38.02615
37.12479
36.15608
35.15264
34.13974
33.13581
32.15348
31.20068
30.28179
29.39861
28.55117
27.73843
26.95869
26.20994
25.49012
24.79724
24.12943
23.48505
22.86262
22.26091
21.67882
21.11547
20.57009
20.04207
19.5309
19.0362
18.55766
18.0951
17.64841
17.21758
16.8027
16.40398
16.02172
15.6564
15.3086
14.97911
14.66892
14.37924
14.11157
13.8677
13.64982
13.46052
13.3029
13.18059
13.09791
13.05985
13.07224
13.14179
13.27614
13.48393
13.77476
14.15916
14.64837
15.25408
15.98793
16.86081
17.88194
19.05763
20.38977
21.87423
23.49906
25.24302
27.07456
28.95167
30.82298
32.63035
34.31281
35.81163
37.07573
38.06662
38.76185
39.15644
39.2621
39.10445
38.71898
38.14652
37.42909
36.60645
35.71385
34.78077
33.83061
32.881
31.94449
31.02946
30.14101
29.28182
28.45282
27.6538
26.8838
26.14149
25.42533
24.73377
24.06529
23.4185
22.79214
22.18507
21.59629
21.02494
20.47024
19.93151
19.40818
18.89971
18.40566
17.92561
17.45921
17.00614
16.56613
16.13895
15.7244
15.32234
14.93266
14.55531
14.1903
13.83769
13.49763
13.17034
12.85617
12.55555
12.26909
11.99755
11.74189
11.5033
11.28326
11.08358
10.90647
10.75459
10.63116
10.54006
10.4859
10.47419
10.51142
10.60524
10.76456
10.99969
11.32238
11.74588
12.2848
12.95491
13.7726
14.75416
15.91458
17.26595
18.81539
20.56255
22.49682
24.59467
26.81759
29.1113
31.40681
33.62412
35.67822
37.48726
38.9813
40.11014
40.8486
41.19801
41.1839
40.85056
40.25396
39.45438
38.51027
37.47383
36.3885
35.28821
34.1978
33.13419
32.1079
31.12456
30.18627
29.2928
28.44243
27.63266
26.86061
26.12339
25.41827
24.74276
24.09467
23.47216
22.87367
22.29793
21.74395
21.21097
20.69843
20.20599
19.73347
19.28088
18.8484
18.4364
18.04541
17.67617
17.32964
17.00701
16.70975
16.43962
16.19871
15.98951
15.81492
15.67829
15.58353
15.53507
15.53796
15.59788
15.72113
15.91461
16.18577
16.54244
16.99263
17.54422
18.20451
18.97964
19.87384
20.88857
22.02156
23.26576
24.60841
26.03036
27.50574
29.00227
30.4823
31.90464
33.22713
34.4097
35.41751
36.22377
36.81174
37.17569
37.32056
37.26059
37.01719
36.61632
36.08601
35.4541
34.74659
33.98645
33.19312
32.38237
31.56645
30.75456
29.95326
29.16704
28.39874
27.65
26.9216
26.21371
25.5261
24.85832
24.2098
23.57991
22.968
22.37347
21.79575
21.23433
20.68876
20.15862
19.64356
19.14331
18.65759
18.18623
17.72909
17.28607
16.85714
16.44235
16.0418
15.65568
15.28427
14.92796
14.58728
14.26288
13.95559
13.66648
13.3968
13.14812
12.92233
12.72169
12.54894
12.40732
12.30067
12.23355
12.21127
12.24007
12.32714
12.48075
12.7103
13.02629
13.44031
13.96487
14.61301
15.39788
16.3319
17.4257
18.68674
20.11758
21.71389
23.4625
25.3395
27.30916
29.32373
31.3249
33.24693
35.02149
36.58378
37.87884
38.86719
39.5284
39.86221
39.88695
39.63571
39.1513
38.48094
37.67154
36.76617
35.8019
34.80875
33.8098
32.82172
31.85582
30.91914
30.01545
29.14623
28.31137
27.5098
26.73987
25.99969
25.28731
24.60085
23.93858
23.29893
22.68054
22.08223
21.50296
20.94189
20.39827
19.8715
19.36108
18.86659
18.38773
17.92425
17.476
17.04292
16.625
16.22237
15.83522
15.46388
15.10881
14.77059
14.45
14.14801
13.86583
13.60493
13.36711
13.15453
12.96979
12.81597
12.69676
12.61647
12.58018
12.59381
12.6642
12.79919
13.00769
13.29967
13.6861
14.17884
14.7903
15.53298
16.41881
17.45812
18.65839
20.02269
21.54783
23.2225
25.02553
26.9247
28.87639
30.82668
32.71395
34.47317
36.04137
37.36359
38.39835
39.12153
39.52799
39.63066
39.4575
39.047
38.44322
37.69117
36.83318
35.90647
34.94185
33.96352
32.98946
32.03225
31.10006
30.19767
29.32737
28.48971
27.68409
26.90923
26.16351
25.44515
24.75239
24.08357
23.43718
22.81185
22.2064
21.61978
21.0511
20.49959
19.96458
19.44553
18.94193
18.4534
17.9796
17.52026
17.07518
16.64421
16.22728
15.82439
15.4356
15.06108
14.70108
14.35597
14.02626
13.7126
13.41582
13.13697
12.87735
12.63853
12.42244
12.23141
12.06824
11.93627
11.83947
11.78255
11.77106
11.81148
11.91134
12.07929
12.3252
12.66015
13.09636
13.64705
14.32608
15.14736
16.1241
17.26754
18.58552
20.08054
21.74764
23.57223
25.52813
27.57637
29.66517
31.73166
33.70552
35.51446
37.09092
38.379
39.34019
39.95695
40.23329
40.19254
39.87283
39.32139
38.58884
37.72437
36.77225
35.76978
34.74661
33.72499
32.72059
31.74366
30.8002
29.89311
29.02311
28.18949
27.39068
26.62467
25.88929
25.18241
24.50201
23.84627
23.21359
22.60258
22.01206
21.44103
20.88867
20.35431
19.8374
19.33754
18.85441
18.38782
17.93768
17.504
17.08691
16.68666
16.3036
15.93828
15.59136
15.26374
14.95648
14.67095
14.40878
14.17193
13.96276
13.78409
13.63922
13.53206
13.46718
13.44986
13.4862
13.5832
13.74872
13.99158
14.32147
14.74882
15.28459
15.93985
16.72525
17.65021
18.7219
19.94392
21.31488
22.82672
24.46328
26.19906
27.99873
29.81756
31.60318
33.29863
34.84659
36.19436
37.29867
38.12976
38.67372
38.93286
38.92415
38.67607
38.22457
37.60901
36.86849
36.03914
35.15236
34.23402
33.30438
32.37851
31.46704
30.57696
29.71247
28.87569
28.06729
27.28695
26.53379
25.80656
25.10389
24.42439
23.76672
23.12963
22.51198
21.91275
21.33105
20.76607
20.21709
19.68349
19.16469
18.6602
18.16954
17.6923
17.22809
16.77655
16.33737
15.91024
15.49489
15.09105
14.69851
14.31705
13.94649
13.5867
13.23755
12.89896
12.5709
12.25337
11.94645
11.65027
11.36505
11.09108
10.8288
10.57875
10.34164
10.11838
9.910102
9.718205
9.544426
9.390893
9.260205
9.155523
9.080674
9.040275
9.039871
9.086089
9.186803
9.351305
9.590474
9.916907
10.34501
10.89098
11.57262
12.40896
13.41947
14.62293
16.03566
17.6692
19.52739
21.60291
23.87386
26.30068
28.8246
31.36822
33.83929
36.13783
38.16603
39.83939
41.09698
41.90844
42.27603
42.23178
41.83032
41.13977
40.23244
39.17719
38.03425
36.85251
35.669
34.50978
33.39166
32.32421
31.31162
30.35445
29.45089
28.5978
27.79146
27.02797
26.30363
25.61506
24.95931
24.33389
23.73675
23.16624
22.62112
22.10045
21.60364
21.13036
20.68056
20.25442
19.85238
19.4751
19.12351
18.79878
18.50236
18.23601
18.00178
17.80209
17.63971
17.51782
17.44001
17.41028
17.43308
17.51326
17.65605
17.86696
18.15166
18.51582
18.96486
19.50358
20.1358
20.86386
21.688
22.60577
23.6114
24.6952
25.84317
27.0368
28.25322
29.46584
30.64533
31.76119
32.78355
33.68511
34.44307
35.04065
35.46806
35.72288
35.80961
35.73877
35.52547
35.18787
34.74561
34.21844
33.62509
32.98259
32.30576
31.60708
30.89674
30.18278
29.47138
28.76719
28.07353
27.39278
26.7265
26.07574
25.44112
24.82297
24.22148
23.63669
23.06862
22.51727
21.98262
21.46473
20.96368
20.47963
20.01281
19.56353
19.13222
18.71941
18.32578
17.95213
17.59948
17.269
16.96212
16.68052
16.42618
16.20141
16.00891
15.85178
15.73364
15.65859
15.63131
15.65707
15.74175
15.89183
16.11436
16.41684
16.80709
17.29294
17.88196
18.58088
19.39502
20.32747
21.37824
22.54326
23.8134
25.17365
26.60256
28.07218
29.5486
30.99331
32.36523
33.62347
34.73034
35.65437
36.37276
36.87304
37.15342
37.22219
37.09604
36.79775
36.3537
35.79146
35.13784
34.41739
33.65152
32.85809
32.05144
31.24259
30.43972
29.64861
28.87317
28.11581
27.37792
26.66007
25.96235
25.28451
24.62608
23.98651
23.36521
22.76158
22.17506
21.60515
21.05136
20.51331
19.99062
19.483
18.9902
18.51203
18.04836
17.5991
17.16422
16.74379
16.33791
15.94681
15.57077
15.21021
14.86568
14.53787
14.22765
13.9361
13.66455
13.4146
13.1882
12.98767
12.81581
12.67592
12.57192
12.50843
12.49083
12.52542
12.61942
12.78112
13.01988
13.34611
13.77124
14.30748
14.96748
15.76381
16.70809
17.81
19.07578
20.50659
22.09663
23.83121
25.68514
27.62177
29.59314
31.54156
33.40292
35.11153
36.60594
37.83497
38.76279
39.37205
39.66461
39.65972
39.39028
38.89798
38.22831
37.42615
36.53256
35.58278
34.60537
33.62224
32.64928
31.69732
30.77311
29.88033
29.02049
28.19357
27.39862
26.63414
25.89838
25.18953
24.50581
23.84559
23.2074
22.58993
21.99204
21.41274
20.85117
20.30662
19.77846
19.26617
18.76932
18.28754
17.82054
17.3681
16.93006
16.50633
16.0969
15.70183
15.32128
14.95549
14.60484
14.26983
13.95109
13.64947
13.366
13.10197
12.85896
12.63887
12.44402
12.27718
12.14166
12.04141
11.98107
11.96612
12.00296
12.09899
12.26275
12.50391
12.83335
13.26303
13.80588
14.47541
15.28519
16.24802
17.37481
18.67309
20.14518
21.78618
23.58177
25.50645
27.52226
29.57887
31.61513
33.56258
35.35071
36.91339
38.19554
39.15876
39.78485
40.07655
40.05548
39.75793
39.22939
38.51905
37.67503
36.74092
35.75372
34.74305
33.7313
32.73441
31.76296
30.82328
29.91858
29.04984
28.21659
27.41744
26.65053
25.91381
25.20522
24.52281
23.8648
23.2296
22.61586
22.02237
21.44815
20.89235
20.35428
19.83336
19.32915
18.84129
18.36954
17.91373
17.47381
17.04982
16.64189
16.25028
15.87537
15.51767
15.17788
14.85687
14.55572
14.27577
14.01867
13.78638
13.58126
13.40614
13.26435
13.15984
13.09721
13.08186
13.11999
13.21874
13.3862
13.63145
13.96451
14.39626
14.93815
15.60188
16.3988
17.33912
18.43079
19.67821
21.08064
22.63045
24.31153
26.0979
27.95315
29.83076
31.67595
33.42886
35.02908
36.421
37.55903
38.41195
38.96546
39.2226
39.20192
38.93406
38.45742
37.81373
37.04416
36.18649
35.27329
34.33114
33.38065
32.43696
31.51059
30.60827
29.73389
28.88926
28.07472
27.28969
26.53303
25.80328
25.09891
24.41837
23.76021
23.12311
22.50585
21.90738
21.32676
20.76317
20.21588
19.68426
19.16776
18.66589
18.1782
17.70431
17.24389
16.79663
