-4.898104
-5.209429
-5.54177
-5.896438
-6.274687
-6.677662
-7.10634
-7.561453
-8.043393
-8.55211
-9.086973
-9.646621
-10.22879
-10.83011
-11.4459
-12.06996
-12.69435
-13.3092
-13.90264
-14.46075
-14.96767
-15.40596
-15.75712
-16.00239
-16.12383
-16.10565
-15.9356
-15.60643
-15.11711
-14.47372
-13.68968
-12.78535
-11.78686
-10.72441
-9.630055
-8.535478
-7.469893
-6.458374
-5.520765
-4.671199
-3.918186
-3.265143
-2.711199
-2.252152
-1.881426
-1.590953
-1.37192
-1.215361
-1.112599
-1.055537
-1.036857
-1.050107
-1.089735
-1.151067
-1.230259
-1.324233
-1.430596
-1.547565
-1.673889
-1.808781
-1.951852
-2.103054
-2.262632
-2.431081
-2.609112
-2.797622
-2.99767
-3.210461
-3.437327
-3.679712
-3.939164
-4.217322
-4.515901
-4.836676
-5.181465
-5.552101
-5.950398
-6.378104
-6.836841
-7.328032
-7.852795
-8.411822
-9.005223
-9.632335
-10.2915
-10.97978
-11.69269
-12.42385
-13.16461
-13.90378
-14.62731
-15.31813
-15.95615
-16.51856
-16.98038
-17.31555
-17.49839
-17.50551
-17.31807
-16.92409
-16.32053
-15.51486
-14.52557
-13.38155
-12.12026
-10.78479
-9.420342
-8.070617
-6.77459
-5.56416
-4.462828
-3.485429
-2.638724
-1.922606
-1.331598
-0.8564213
-0.4854464
-0.2059045
-0.004838208
0.1302192
0.2107968
0.2472306
0.2485508
0.222473
0.1754555
0.1127985
0.03876395
-0.04329792
-0.1308232
-0.2219166
-0.3152445
-0.40994
-0.5055206
-0.6018178
-0.6989186
-0.7971168
-0.8968743
-0.9987898
-1.103576
-1.21204
-1.325075
-1.443649
-1.568803
-1.70165
-1.843378
-1.995251
-2.15862
-2.334927
-2.525713
-2.732629
-2.957443
-3.202052
-3.468484
-3.758907
-4.075633
-4.42111
-4.797921
-5.20876
-5.656409
-6.143688
-6.673393
-7.248203
-7.870551
-8.542455
-9.265291
-10.03951
-10.86425
-11.73693
-12.65264
-13.60356
-14.57824
-15.56087
-16.53057
-17.46087
-18.31949
-19.06864
-19.66606
-20.06706
-20.22762
-20.10854
-19.68037
-18.92836
-17.85664
-16.49058
-14.87639
-13.0778
-11.16998
-9.231861
-7.338244
-5.553102
-3.925152
-2.486055
-1.25102
-0.2211049
0.6135121
1.270064
1.770026
2.136556
2.392602
2.559659
2.657053
2.701628
2.7077
2.687188
2.649837
2.603495
2.554384
2.507371
2.466208
2.433752
2.41215
2.402997
2.407477
2.426469
2.460645
2.510545
2.576638
2.659377
2.759233
2.876735
3.01249
3.167208
3.341712
3.536951
3.754008
3.994102
4.258586
4.548944
4.866775
5.213781
5.591735
6.002445
6.447704
6.929219
7.448523
8.006854
8.605008
9.243152
9.920592
10.63549
11.38454
12.16259
12.96219
13.77321
14.58236
15.37283
16.12412
16.81197
17.40882
17.88455
18.20796
18.34874
18.28007
17.98152
17.44204
16.6625
15.65719
14.45401
13.09293
11.6229
10.09763
8.570803
7.091702
5.701675
4.431934
3.302845
2.32443
1.497776
0.8169519
0.2710399
-0.1539603
-0.4735326
-0.7034055
-0.8586832
-0.9532778
-0.9996018
-1.008446
-0.9889859
-0.948874
-0.8943729
-0.8305182
-0.7612829
-0.6897363
-0.6181915
-0.548339
-0.4813624
-0.4180403
-0.3588311
-0.3039454
-0.2534054
-0.2070934
-0.1647912
-0.1262116
-0.09102216
-0.05886459
-0.02936842
-0.002161284
0.02312398
0.04684479
0.06934627
0.09096017
0.1120051
0.1327875
0.1536037
0.1747421
0.1964856
0.2191153
0.2429132
0.2681658
0.2951679
0.3242262
0.3556634
0.3898223
0.4270703
0.4678038
0.5124538
0.5614905
0.6154297
0.6748384
0.7403425
0.8126336
0.8924771
0.9807216
1.078309
1.186283
1.305805
1.438163
1.584788
1.747269
1.927368
2.127039
2.348445
2.593979
2.866282
3.168261
3.503106
3.874307
4.285656
4.741253
5.245488
5.803011
6.418669
7.097413
7.844143
8.663488
9.559494
10.53518
11.59196
12.72884
13.94142
15.22065
16.55132
17.91039
19.26519
20.57193
21.77462
22.80534
23.58617
24.03385
24.0673
23.61808
22.64248
21.13313
19.12677
16.70566
13.99041
11.12541
8.259637
5.527791
3.0358
0.8533663
-0.9863119
-2.481388
-3.653284
-4.538052
-5.178811
-5.620017
-5.903673
-6.067227
-6.14269
-6.15657
-6.130277
-6.080762
-6.021208
-5.961707
-5.909864
-5.871313
-5.85015
-5.84928
-5.870701
-5.915726
-5.985155
-6.079408
-6.198629
-6.342755
-6.511568
-6.704727
-6.92178
-7.162166
-7.425199
-7.710045
-8.015687
-8.340875
-8.684074
-9.043404
-9.416567
-9.800778
-10.19269
-10.58834
-10.98308
-11.37151
-11.74752
-12.10429
-12.43431
-12.72957
-12.98173
-13.18235
-13.32324
-13.39688
-13.39679
-13.31804
-13.15766
-12.91499
-12.592
-12.19333
-11.72631
-11.20062
-10.62795
-10.02134
-9.394592
-8.761542
-8.135397
-7.528173
-6.950257
-6.410128
-5.914227
-5.46698
-5.070931
-4.726962
-4.434565
-4.192132
-3.997246
-3.846947
-3.737965
-3.666917
-3.630459
-3.625409
-3.648823
-3.698057
-3.770792
-3.865048
-3.97918
-4.111869
-4.262095
-4.429115
-4.612431
-4.811761
-5.027004
-5.258206
-5.505527
-5.769201
-6.049503
-6.346703
-6.661026
-6.992604
-7.341421
-7.707257
-8.089622
-8.487687
-8.900201
-9.325412
-9.760976
-10.20387
-10.65029
-11.09561
-11.53429
-11.95982
-12.36481
-12.74096
-13.07925
-13.37011
-13.60376
-13.77055
-13.86149
-13.86875
-13.78627
-13.61027
-13.33978
-12.97699
-12.52736
-11.99961
-11.40536
-10.75862
-10.075
-9.370931
-8.662715
-7.965746
-7.293801
-6.658538
-6.06919
-5.532472
-5.052658
-4.631801
-4.270047
-3.965998
-3.717079
-3.5199
-3.370571
-3.264969
-3.198954
-3.168539
-3.170005
-3.19998
-3.255487
-3.333966
-3.433271
-3.551659
-3.687767
-3.840582
-4.009409
-4.193834
-4.393691
-4.609024
-4.840051
-5.087131
-5.350729
-5.631374
-5.929627
-6.246036
-6.581092
-6.935179
-7.308518
-7.7011
-8.112616
-8.542376
-8.989212
-9.451382
-9.926456
-10.41121
-10.9015
-11.39217
-11.87697
-12.34846
-12.79806
-13.21605
-13.59178
-13.91383
-14.17047
-14.35008
-14.44181
-14.43623
-14.32612
-14.10718
-13.77863
-13.34368
-12.80967
-12.18796
-11.49339
-10.74356
-9.957771
-9.155922
-8.357344
-7.579808
-6.838716
-6.146567
-5.512706
-4.943334
-4.441733
-4.008633
-3.642676
-3.340903
-3.099225
-2.912851
-2.77665
-2.685439
-2.63421
-2.618278
-2.633398
-2.675811
-2.742281
-2.830088
-2.937011
-3.061302
-3.201646
-3.357119
-3.52715
-3.711477
-3.910107
-4.12328
-4.35143
-4.595154
-4.855176
-5.132316
-5.427453
-5.741493
-6.075324
-6.429778
-6.805577
-7.203272
-7.623178
-8.065291
-8.529194
-9.013948
-9.517975
-10.03892
-10.57349
-11.11734
-11.66489
-12.20919
-12.74186
-13.25297
-13.73116
-14.16369
-14.53678
-14.83601
-15.04695
-15.15591
-15.15089
-15.02257
-14.76531
-14.37796
-13.86454
-13.23442
-12.5021
-11.68657
-10.81014
-9.897081
-8.972025
-8.058482
-7.177529
-6.346843
-5.580132
-4.886957
-4.272899
-3.739979
-3.287245
-2.911431
-2.607611
-2.369798
-2.191463
-2.065941
-1.98675
-1.947815
-1.943601
-1.969209
-2.0204
-2.0936
-2.185866
-2.294855
-2.418765
-2.556286
-2.706545
-2.869054
-3.043662
-3.23051
-3.429992
-3.642716
-3.869478
-4.111226
-4.369038
-4.644091
-4.93764
-5.250987
-5.585449
-5.942324
-6.322847
-6.728139
-7.159142
-7.616544
-8.100685
-8.611446
-9.148114
-9.709227
-10.2924
-10.89413
-11.50959
-12.13238
-12.75438
-13.36554
-13.9538
-14.50506
-15.00334
-15.43114
-15.76997
-16.00122
-16.10724
-16.07264
-15.88575
-15.54
-15.03514
-14.37802
-13.58278
-12.67035
-11.66727
-10.60383
-9.512005
-8.42312
-7.365869
-6.364694
-5.438762
-4.601558
-3.861016
-3.220079
-2.677523
-2.228909
-1.867527
-1.585262
-1.373321
-1.222803
-1.125127
-1.072312
-1.057161
-1.073342
-1.115415
-1.178814
-1.259789
-1.355345
-1.463164
-1.581526
-1.709237
-1.845556
-1.990134
-2.142959
-2.304305
-2.474692
-2.654855
-2.84571
-3.048336
-3.263952
-3.493904
-3.73965
-4.002747
-4.284841
-4.587652
-4.912956
-5.262566
-5.638301
-6.041953
-6.475236
-6.939724
-7.436768
-7.967394
-8.53217
-9.131047
-9.763162
-10.4266
-11.11814
-11.83292
-12.56413
-13.30266
-14.03679
-14.75193
-15.43047
-16.05186
-16.59292
-17.02854
-17.33281
-17.48053
-17.44927
-17.22154
-16.78714
-16.14509
-15.30501
-14.28744
-13.12291
-11.84995
-10.51203
-9.153978
-7.818457
-6.542938
-5.357547
-4.283971
-3.335367
-2.517081
-1.827913
-1.261634
-0.8085229
-0.4567641
-0.1936019
-0.006231651
0.1175717
0.1890468
0.2182239
0.2138305
0.1832972
0.1328229
0.06747739
-0.008678794
-0.09246851
-0.1814747
-0.2739257
-0.3685917
-0.4646924
-0.5618179
-0.659861
-0.7589608
-0.8594566
-0.9618506
-1.066779
-1.174988
-1.287322
-1.404708
-1.528151
-1.65873
-1.797599
-1.945991
-2.105219
-2.276684
-2.461886
-2.662425
-2.880016
-3.116495
-3.373827
-3.65411
-3.959581
-4.292617
-4.655723
-5.051526
-5.482745
-5.952157
-6.462536
-7.016579
-7.616787
-8.265318
-8.963788
-9.713008
-10.51266
-11.36087
-12.25372
-13.18469
-14.14391
-15.11754
-16.08701
-17.02843
-17.91226
-18.70334
-19.36163
-19.84381
-20.10582
-20.10664
-19.81274
-19.20309
-18.27364
-17.04048
-15.54067
-13.83017
-11.97899
-10.06414
-8.161897
-6.340532
-4.654972
-3.143893
-1.829315
-0.7182132
0.1946217
0.9232021
1.48707
1.9085
2.210342
2.414522
2.541119
2.607881
2.630075
2.620536
2.589855
2.546625
2.49771
2.44852
2.40325
2.365118
2.336552
2.319366
2.314902
2.324151
2.347856
2.386593
2.440841
2.511035
2.597615
2.701056
2.821903
2.960792
3.118466
3.295787
3.493753
3.713494
3.956284
4.223531
4.51678
4.837694
5.18804
5.569663
5.984445
6.434256
6.920885
7.445944
8.010754
8.61619
9.262489
9.949013
10.67396
11.43402
12.224
13.03634
13.86072
14.68353
15.48758
16.25176
16.95115
17.5573
18.03917
18.36455
18.50219
18.42447
18.11052
17.54926
16.74206
15.70429
14.46542
13.06735
11.56108
10.00224
8.446106
6.943018
5.534832
4.252729
3.116603
2.135703
1.310194
0.6331847
0.09285747
-0.3255713
-0.6382275
-0.8613405
-1.010376
-1.0995
-1.141285
-1.146614
-1.124704
-1.083214
-1.028395
-0.9652549
-0.8977377
-0.8288829
-0.7609788
-0.695698
-0.6342154
-0.5773102
-0.5254524
-0.4788757
-0.4376367
-0.4016643
-0.3707992
-0.3448255
-0.3234957
-0.3065498
-0.2937302
-0.2847931
-0.2795163
-0.277705
-0.2791964
-0.283862
-0.2916096
-0.3023844
-0.3161703
-0.3329896
-0.3529043
-0.3760168
-0.4024701
-0.43245
-0.4661857
-0.5039525
-0.5460742
-0.5929259
-0.6449378
-0.7025998
-0.766466
-0.8371609
-0.9153861
-1.001927
-1.097663
-1.203574
-1.320755
-1.450422
-1.593931
-1.752788
-1.928664
-2.123413
-2.339088
-2.577958
-2.842526
-3.135549
-3.460047
-3.819323
-4.21697
-4.656864
-5.143161
-5.680264
-6.272771
-6.925385
-7.642784
-8.429422
-9.289248
-10.22532
-11.23926
-12.3306
-13.49583
-14.72731
-16.01191
-17.32947
-18.65118
-19.93804
-21.13981
-22.19483
-23.03141
-23.57141
-23.73648
-23.45703
-22.68317
-21.3959
-19.61576
-17.40631
-14.87024
-12.13805
-9.351343
-6.644748
-4.13055
-1.889085
0.03409602
1.62529
2.89604
3.875137
4.601046
5.11578
5.46057
5.673202
5.786683
5.828843
5.822507
5.785995
5.733738
5.676924
5.624092
5.581665
5.55439
5.545712
5.558072
5.593152
5.652064
5.735495
5.843828
5.977224
6.135684
6.31909
6.527226
6.759791
7.016389
7.29651
7.599504
7.924532
8.270522
8.636097
9.01951
9.418564
9.830523
10.25203
10.67901
11.10663
11.52917
11.94007
12.33189
12.69637
13.02457
13.30704
13.53417
13.69649
13.78517
13.79253
13.7126
13.54164
13.27858
12.92543
12.48737
11.97271
11.39262
10.76057
10.09166
9.401788
8.706817
8.021775
7.360181
6.733543
6.151049
5.619458
5.143162
4.724388
4.363488
4.05928
3.809406
3.610679
3.459391
3.351579
3.283236
3.250484
3.249685
3.277531
3.331089
3.407824
3.505604
3.622689
3.75771
3.90964
4.077767
4.261651
4.461098
4.67612
4.906903
5.153765
5.41713
5.697482
5.995332
6.311173
6.645437
6.998443
7.370338
7.761038
8.17015
8.596894
9.040009
9.497658
9.967315
10.44567
10.92849
11.41058
11.88562
12.34621
12.7838
13.1888
13.55072
13.85843
14.10053
14.26585
14.34405
14.32625
14.20584
13.97906
13.64563
13.20916
12.67719
12.06112
11.37564
10.63798
9.866919
9.081709
8.300986
7.541815
6.818944
6.144312
5.526822
4.972363
4.484028
4.062478
3.706375
3.412857
3.177982
2.997137
2.865382
2.777729
2.729355
2.715749
2.732818
2.77694
2.844994
2.934357
3.042889
3.168904
3.311137
3.468702
3.641052
3.827941
4.029383
4.245616
4.477063
4.724302
4.98803
5.269028
5.568127
5.886171
6.223973
6.582274
6.961681
7.362613
7.785228
8.229333
8.694297
9.178934
9.681384
10.19898
10.7281
11.26402
11.80081
12.33117
12.84637
13.33627
13.78933
14.19282
14.53316
14.79636
14.96868
15.03746
14.99196
14.82438
14.53074
14.11162
13.57262
12.92445
12.18258
11.36644
10.49824
9.601622
8.700125
7.815828
6.968192
6.173244
5.44314
4.786092
4.206593
3.705868
3.282447
2.932802
2.651951
2.434016
2.272689
2.161603
2.094611
2.065986
2.070543
2.103709
2.161547
2.240753
2.338625
2.453026
2.582335
2.725393
2.881456
3.050142
3.231387
3.425403
3.632637
3.853739
4.089532
4.340977
4.609149
4.895211
5.20038
5.5259
5.873004
6.242877
6.636599
7.055093
7.49905
7.968842
8.464418
8.985184
9.529854
10.09629
10.68133
11.28057
11.88818
12.4967
13.09689
13.67759
14.22573
14.7264
15.16316
15.5185
15.77457
15.91417
15.92188
15.78547
15.49716
15.05486
14.46304
13.73307
12.88296
11.93647
10.92153
9.86833
8.807232
7.766742
6.771852
5.842871
4.994825
4.237391
3.575279
3.008915
2.535304
2.148923
1.842575
1.608126
1.437117
1.321211
1.252533
1.223875
1.228822
1.261799
1.318071
1.393712
1.485545
1.591078
1.708427
1.836251
1.973675
2.120236
2.275821
2.440618
2.615077
2.79987
2.995863
3.20409
3.425731
3.662096
3.914606
4.184779
4.474215
4.784582
5.117587
5.474958
5.858411
6.269603
6.710081
7.181209
7.684085
8.21942
8.787407
9.387549
10.01846
10.67761
11.3611
12.06332
12.77665
13.49117
14.19439
14.87106
15.50313
16.06995
16.54871
16.91526
17.14537
17.21632
17.10887
16.80936
16.31172
15.61907
14.74459
13.71138
12.55123
11.30235
10.00634
8.704955
7.436905
6.235361
5.126278
4.127684
3.249835
2.496043
1.86391
1.346736
0.9349059
0.6171182
0.3813945
0.2158407
0.1091831
0.05110838
0.032448
0.04524674
0.08275125
0.1393444
0.21045
0.2924224
0.3824306
0.4783477
0.5786457
0.6823023
0.7887168
0.8976395
1.00911
1.123407
1.241007
1.362551
1.48882
1.620716
1.759245
1.905515
2.060722
2.226157
2.4032
2.593327
2.798113
3.019238
3.258488
3.517766
3.79909
4.104594
4.436529
4.797248
5.189193
5.614865
6.076788
6.577445
7.1192
7.704185
8.33415
9.010277
9.732928
10.50134
11.31323
12.16439
13.04809
13.95457
14.87037
15.77781
16.65448
17.47304
18.20136
18.80327
19.24003
19.47268
19.46525
19.18865
18.62481
17.77053
16.63999
15.26551
13.69588
11.99229
10.22259
8.454655
6.750311
5.160441
3.722223
2.458399
1.378297
0.4800428
-0.2466677
-0.8177466
-1.252215
-1.570201
-1.791473
-1.934486
-2.015826
-2.049966
-2.049239
-2.023943
-1.982523
-1.931795
-1.877171
-1.822887
-1.7722
-1.727576
-1.690849
-1.663355
-1.646054
-1.639625
-1.644549
-1.661175
-1.689776
-1.730595
-1.783882
-1.84992
-1.929057
-2.021716
-2.12842
-2.249801
-2.386611
-2.539734
-2.710196
-2.899165
-3.107967
-3.338083
-3.591157
-3.868995
-4.173563
-4.506981
-4.871508
-5.269526
-5.703502
-6.175946
-6.68934
-7.246054
-7.848213
-8.497544
-9.195156
-9.941274
-10.7349
-11.57339
-12.45198
-13.36319
-14.29619
-15.23618
-16.16375
-17.05444
-17.8785
-18.60123
-19.18385
-19.58533
-19.76505
-19.68647
-19.32145
-18.65467
-17.68747
-16.44015
-14.95208
-13.2791
-11.4886
-9.652844
-7.841928
-6.117497
-4.528285
-3.10789
-1.87474
-0.8337471
0.0209891
0.7031251
1.231137
1.625832
1.908449
2.099324
2.217081
2.278197
2.296863
2.285033
2.252588
2.207561
2.156379
2.104107
2.054678
2.011102
1.975645
1.949988
1.935361
1.932658
1.94253
1.965463
2.001845
2.052016
2.116311
2.195096
2.288797
2.397919
2.523068
2.664965
2.824458
3.00253
3.200309
3.419071
3.660247
3.925417
4.216314
4.534813
4.882918
5.262742
5.676477
6.12635
6.61456
7.143196
7.714128
8.328859
8.98834
9.692732
10.44111
11.23111
12.0585
12.91667
13.79612
14.68391
15.56308
16.41227
17.20552
17.91242
18.49881
18.92816
19.16368
19.1713
18.92326
18.40188
17.60314
16.5391
15.23872
13.74653
12.11909
10.41986
8.713091
7.058182
5.504933
4.090693
2.839382
1.762162
0.859321
0.1227302
-0.4615381
-0.9108216
-1.24391
-1.479577
-1.635578
-1.728044
-1.771187
-1.777214
-1.756393
-1.717202
-1.666523
-1.609852
-1.551509
-1.494827
-1.442337
-1.395916
-1.356928
-1.326334
-1.304796
-1.292751
-1.290487
-1.298189
-1.315992
-1.344014
-1.382387
-1.43128
-1.490921
-1.561609
-1.64373
-1.737769
-1.844319
-1.964089
-2.097911
-2.246753
-2.411722
-2.594073
-2.795218
-3.01673
-3.260351
-3.527998
-3.821761
-4.143909
-4.496879
-4.883269
-5.305811
-5.76734
-6.270743
-6.818882
-7.414492
-8.060035
-8.757514
-9.508215
-10.31239
-11.16885
-12.07444
-13.02348
-14.00703
-15.01211
-16.02096
-17.0103
-17.95077
-18.80685
-19.53737
-20.09683
-20.43794
-20.51528
-20.29007
-19.73558
-18.84229
-17.62192
-16.10907
-14.35968
-12.44632
-10.45087
-8.455863
-6.536438
-4.753891
-3.152096
-1.756705
-0.5766972
0.3925554
1.165576
1.763131
2.209095
2.52804
2.743562
2.877242
2.948124
2.972548
2.964217
2.934406
2.892242
2.844999
2.798395
2.756866
2.723805
2.701781
2.692714
2.698039
2.718822
2.755876
2.809844
2.88127
2.97066
3.078525
3.205421
3.351971
3.518891
3.707006
3.917256
4.150705
4.408539
4.692059
5.002674
5.341875
5.711215
6.112262
6.546554
7.015527
7.520424
8.062184
8.641298
9.257627
9.910192
10.59691
11.31429
12.05709
12.81797
13.58705
14.35163
15.09581
15.80041
16.44298
16.99823
17.43876
17.73641
17.86402
17.79767
17.5193
17.0192
16.29816
15.36885
14.25593
12.99478
11.62891
10.20639
8.775741
7.382071
6.063907
4.851128
3.764103
2.81394
2.003548
1.329196
0.7822737
0.3509788
0.0217774
-0.2194194
-0.3863952
-0.4920477
-0.5480379
-0.564626
-0.5506284
-0.5134665
-0.4592676
-0.3929953
-0.318589
-0.2391052
-0.1568514
-0.07350768
0.009764719
0.09222849
0.1734891
0.2534265
0.3321382
0.4098928
0.4870934
0.5642477
0.6419463
0.7208458
0.8016577
0.885141
0.9720982
1.063375
1.159862
1.262496
1.372272
1.490241
1.617526
1.755326
1.904932
2.067732
2.245224
2.439032
2.650913
2.882773
3.136675
3.414851
3.719709
4.053836
4.419999
4.821138
5.260343
5.740826
6.265867
6.838739
7.462596
8.140318
8.874307
9.6662
10.51651
11.42417
12.38594
13.39571
14.4437
15.51553
16.5913
17.64473
18.64251
19.54421
20.30286
20.86673
21.18235
21.19913
20.87515
20.18362
19.11892
17.70086
15.97567
14.01326
11.90043
9.731502
7.597939
5.579291
3.736846
2.110775
0.7205772
-0.4320642
-1.359086
-2.081552
-2.625588
-3.019122
-3.289556
-3.462271
-3.559824
-3.601642
-3.604047
-3.580473
-3.541787
-3.496648
-3.451858
-3.412691
-3.383187
-3.366403
-3.36463
-3.379575
-3.412514
-3.464411
-3.536021
-3.62797
-3.740821
-3.875121
-4.031445
-4.210416
-4.412729
-4.639159
-4.890566
-5.167885
-5.472116
-5.8043
-6.165485
-6.556685
-6.978816
-7.432626
-7.918599
-8.436838
-8.986925
-9.567751
-10.17732
-10.81252
-11.46886
-12.14021
-12.81855
-13.49366
-14.15294
-14.78133
-15.36129
-15.87313
-16.29544
-16.60604
-16.78312
-16.80679
-16.66085
-16.33466
-15.82476
-15.13618
-14.28298
-13.28791
-12.1811
-10.99798
-9.77654
-8.554466
-7.366454
-6.242075
-5.204403
-4.26945
-3.446346
-2.73807
-2.14253
-1.653796
-1.263305
-0.9609438
-0.73594
-0.5775461
-0.4755264
-0.4204739
-0.4039891
-0.4187534
-0.4585327
-0.5181273
-0.5932938
-0.6806504
-0.7775772
-0.8821181
-0.9928877
-1.108987
-1.229927
-1.355566
-1.486052
-1.621778
-1.763341
-1.911516
-2.06723
-2.231545
-2.405642
-2.590818
-2.788476
-3.000122
-3.227364
-3.471915
-3.735584
-4.020281
-4.328009
-4.660855
-5.02098
-5.410589
-5.83191
-6.287137
-6.778376
-7.307553
-7.876307
-8.485841
-9.136735
-9.828717
-10.56038
-11.32881
-12.12925
-12.95459
-13.79491
-14.637
-15.46394
-16.25478
-16.98449
-17.6243
-18.1424
-18.50543
-18.68055
-18.63816
-18.35511
-17.81799
-17.02604
-15.99303
-14.74758
-13.33169
-11.79747
-10.20247
-8.604489
-7.05661
-5.603322
-4.278058
-3.102407
-2.086702
-1.231616
-0.5302855
0.02942462
0.4628432
0.7867562
1.018085
1.172966
1.266173
1.310818
1.318237
1.298027
1.258156
1.205125
1.144143
1.079315
1.013811
0.9500254
0.8897208
0.8341504
0.7841656
0.7403056
0.7028734
0.6719987
0.6476892
0.6298719
0.6184276
0.6132165
0.6141
0.6209574
0.6336979
0.6522714
0.6766758
0.7069637
0.7432469
0.7857011
0.8345698
0.890168
0.9528864
1.023196
1.101651
1.188898
1.285677
1.392833
1.511321
1.642216
1.786722
1.946182
2.122091
2.316107
2.530064
2.765985
3.026095
3.31283
3.628852
3.977052
4.360551
4.782695
5.247035
5.757299
6.31733
6.931004
7.602103
8.33414
9.130106
9.992137
10.92108
11.91589
12.97296
14.08516
15.24087
16.42275
17.60654
18.75999
19.84202
20.80269
21.58422
22.12348
22.35654
22.225
21.68397
20.71046
19.31059
17.52341
15.42011
13.09767
10.66784
8.243948
5.92802
3.801179
1.918512
0.3086237
-1.023182
-2.089625
-2.915535
-3.532423
-3.974166
-4.273919
-4.462193
-4.565875
-4.607888
-4.607277
-4.579544
-4.537086
-4.489664
-4.444861
-4.408483
-4.384922
-4.377455
-4.388499
-4.419816
-4.472683
-4.548027
-4.646534
-4.76873
-4.915046
-5.085863
-5.281546
-5.502457
-5.748967
-6.021444
-6.320238
-6.645654
-6.997911
-7.377086
-7.783049
-8.215379
-8.673271
-9.155411
-9.659856
-10.18388
-10.72382
-11.2749
-11.83109
-12.38493
-12.92743
-13.44803
-13.93461
-14.37362
-14.75043
-15.04976
-15.25633
-15.35577
-15.33555
-15.1861
-14.90185
-14.48216
-13.9319
-13.26166
-12.48748
-11.62998
-10.71318
-9.762853
-8.804909
-7.86375
-6.960945
-6.114267
-5.337168
-4.638684
-4.02368
-3.49337
-3.04597
-2.677423
-2.382088
-2.153369
-1.984232
-1.867618
-1.796752
-1.765348
-1.767738
-1.798944
-1.854695
-1.931416
-2.02619
-2.136712
-2.261234
-2.3985
-2.547698
-2.708398
-2.880507
-3.064223
-3.259993
-3.468482
-3.690538
-3.927166
-4.179502
-4.448791
-4.736359
-5.043595
-5.371916
-5.72274
-6.097445
-6.497325
-6.923527
-7.376986
-7.858334
-8.367791
-8.905042
-9.469081
-10.05804
-10.66897
-11.29764
-11.93832
-12.58348
-13.22366
-13.84726
-14.44045
-14.9873
-15.46995
-15.86911
-16.16485
-16.33763
-16.3696
-16.24619
-15.95764
-15.50045
-14.87853
-14.10369
-13.19542
-12.17991
-11.08829
-9.954386
-8.812247
-7.693781
-6.626808
-5.633705
-4.730748
-3.928083
-3.23022
-2.63688
-2.144016
-1.744875
-1.430971
-1.19292
-1.021115
-0.90621
-0.8394689
-0.8129744
-0.8197385
-0.8537358
-0.9098853
-0.9839976
-1.072701
-1.17336
-1.283986
-1.403161
-1.529952
-1.663848
-1.804697
-1.952649
-2.108115
-2.271728
-2.444312
-2.626856
-2.8205
-3.026513
-3.246284
-3.481313
-3.733202
-4.003649
-4.294434
-4.607413
-4.944501
-5.307652
-5.698826
-6.119958
-6.572897
-7.059342
-7.580747
-8.138208
-8.732311
-9.362951
-10.02911
-10.72858
-11.45766
-12.21081
-12.98025
-13.7556
-14.5235
-15.26735
-15.96719
-16.59977
-17.13907
-17.55717
-17.82564
-17.91745
-17.8094
-17.48468
-16.93541
-16.16478
-15.18807
-14.03262
-12.73618
-11.34406
-9.905338
-8.468672
-7.078493
-5.771997
-4.577309
-3.512873
-2.58792
-1.803696
-1.155123
-0.6325804
-0.2235842
0.0857948
0.3098143
0.4622521
0.5558841
0.6021768
0.6111548
0.5913864
0.550048
0.4930369
0.4251069
0.3500132
0.2706533
0.1892
0.1072221
0.02579093
-0.05442666
-0.1330897
-0.2101165
-0.28563
-0.3599128
-0.4333719
-0.5065104
-0.5799067
-0.6541985
-0.730072
-0.8082556
-0.889516
-0.974658
-1.064526
-1.160007
-1.262038
-1.37161
-1.489781
-1.617677
-1.756511
-1.907587
-2.072315
-2.252222
-2.448966
-2.664345
-2.900313
-3.158988
-3.442668
-3.753829
-4.09514
-4.469453
-4.879798
-5.329362
-5.821453
-6.359446
-6.946698
-7.586431
-8.281563
-9.034488
-9.846771
-10.71876
-11.64909
-12.63405
-13.66687
-14.7368
-15.8282
-16.91957
-17.98261
-18.98172
-19.87391
-20.6097
-21.13507
-21.3951
-21.3389
-20.92599
-20.133
-18.95975
-17.433
-15.60665
-13.55786
-11.37914
-9.168059
-7.016611
-5.00233
-3.182597
-1.592675
-0.2469791
0.8574024
1.736134
2.413001
2.91589
3.273685
3.514127
3.662504
3.741017
3.768594
3.760994
3.731094
3.689238
3.643618
3.60063
3.565204
3.541096
3.531136
3.537434
3.56156
3.604687
3.667706
3.751324
3.85614
3.982699
4.131547
4.303255
4.49845
4.717824
4.962139
5.232228
5.528976
5.853307
6.206144
6.588373
7.000781
7.443987
7.918349
8.423854
8.959983
9.525552
10.11852
10.73578
11.37293
12.02399
12.68121
13.33477
13.97264
14.58047
15.14166
15.63755
16.04799
16.35205
16.52919
16.56063
16.43101
16.13003
15.65405
15.00724
14.20216
13.2595
12.20694
11.07735
9.906292
8.729382
7.579816
6.486303
5.471686
4.552306
3.738038
3.032881
2.435895
1.942308
1.544642
1.23374
0.9996256
0.8321937
0.7216945
0.6590767
0.6361872
0.6458669
0.6819728
0.7393471
0.8137544
0.9017993
1.000836
1.108877
1.224507
1.346799
1.475246
1.609695
1.750293
1.897443
2.051763
2.214057
2.385293
2.56658
2.759157
2.96438
3.183718
3.418745
3.671132
3.942649
4.235153
4.550579
4.890933
5.258264
5.654644
6.082125
6.542687
7.038168
7.570172
8.139945
8.748221
9.395032
10.07947
10.79939
11.55111
12.32899
13.12503
13.92845
14.7253
15.49812
16.2258
16.88367
17.44399
17.87688
18.1519
18.2401
18.11666
17.76376
17.17341
16.34966
15.30981
14.08418
12.7142
11.24916
9.741902
8.244258
6.802906
5.456223
4.232498
3.149484
2.21511
1.428965
0.7841999
0.2694853
-0.1291949
-0.42706
-0.6393944
-0.7807629
-0.8645093
-0.9024883
-0.9049729
-0.8806732
-0.8368334
-0.7793669
-0.7130138
-0.6414995
-0.5676874
-0.4937206
-0.421148
-0.3510356
-0.2840622
-0.2206002
-0.160784
-0.1045657
-0.05176077
-0.00208452
0.04481853
0.08935253
0.1319535
0.1730769
0.2131893
0.2527624
0.2922706
0.3321896
0.3729972
0.4151752
0.4592124
0.5056084
0.5548781
0.607557
0.6642071
0.7254228
0.791838
0.8641331
0.9430432
1.029366
1.123973
1.227814
1.341934
1.467482
1.605721
1.758043
1.925984
2.111236
2.315665
2.541325
2.790472
3.065585
3.369375
3.7048
4.075068
4.483645
4.934243
5.430797
5.977428
6.578373
7.237879
7.960052
8.748635
9.606704
10.53626
11.53767
12.60898
13.745
14.93626
16.16772
17.41739
18.655
19.84078
20.92492
21.84794
22.54264
22.9381
22.96596
22.56886
21.7101
20.38276
18.61598
16.47625
14.0624
11.49452
8.899159
6.394065
4.075773
2.012259
0.2412206
-1.22701
-2.403671
-3.314761
-3.994617
-4.480715
-4.809964
-5.01638
-5.129893
-5.17594
-5.175564
-5.145803
-5.100205
-5.049377
-5.001501
-4.962799
-4.937936
-4.930358
-4.942567
-4.97635
-5.032959
-5.113257
-5.217828
-5.347066
-5.501237
-5.680524
-5.885055
-6.114915
-6.37015
-6.650749
-6.956622
-7.287563
-7.643199
-8.022929
-8.425852
-8.850675
-9.295616
-9.758296
-10.23561
-10.72363
-11.21743
-11.71105
-12.19733
-12.66791
-13.11325
-13.52266
-13.88454
-14.18666
-14.41662
-14.5624
-14.61305
-14.55949
-14.39527
-14.11735
-13.72665
-13.22842
-12.6323
-11.95194
-11.20441
-10.40916
-9.586895
-8.758324
-7.943013
-7.158392
-6.419044
-5.736293
-5.118093
-4.56917
-4.091356
-3.684054
-3.344749
-3.069529
-2.853564
-2.691524
-2.577914
-2.507342
-2.474711
-2.475349
-2.505087
-2.560298
-2.637905
-2.735367
-2.850654
-2.982202
-3.12888
-3.28994
-3.464972
-3.653867
-3.856777
-4.07407
-4.306305
-4.554192
-4.818562
-5.100336
-5.400489
-5.720018
-6.059902
-6.421055
-6.804281
-7.210205
-7.639208
-8.091342
-8.566231
-9.062957
-9.579931
-10.11475
-10.66403
-11.22328
-11.78668
-12.34698
-12.89539
-13.4215
-13.9133
-14.35738
-14.73916
-15.04339
-15.25482
-15.35904
-15.34346
-15.19841
-14.91821
-14.50208
-13.95476
-13.28675
-12.51399
-11.65708
-10.74002
-9.788664
-8.829011
-7.885591
-6.980122
-6.130526
-5.350397
-4.648895
-4.030987
-3.497959
-3.048078
-2.677312
-2.380029
-2.149623
-1.979045
-1.861213
-1.789322
-1.757057
-1.758722
-1.789311
-1.844526
-1.92077
-2.015106
-2.125211
-2.24932
-2.386166
-2.534924
-2.695157
-2.866762
-3.049931
-3.245108
-3.452951
-3.674305
-3.910174
-4.161691
-4.430102
-4.716734
-5.022977
-5.350253
-5.699986
-6.073562
-6.472286
-6.897321
-7.349622
-7.829846
-8.338245
-8.874543
-9.437781
-10.02614
-10.63676
-11.26547
-11.90662
-12.5528
-13.19463
-13.8206
-14.41701
-14.96797
-15.45568
-15.86087
-16.16355
-16.34405
-16.38435
-16.26959
-15.98966
-15.54067
-14.92613
-14.15743
-13.25374
-12.24101
-11.15026
-10.01535
-8.870488
-7.747838
-6.675553
-5.676373
-4.766929
-3.957683
-3.25341
-2.654032
-2.155637
-1.751547
-1.433306
-1.191522
-1.016549
-0.8989905
-0.8300511
-0.801745
-0.8070185
-0.8397849
-0.8949063
-0.9681417
-1.056074
-1.156028
-1.265982
-1.384486
-1.510585
-1.643746
-1.783797
-1.930873
-2.085373
-2.247915
-2.419313
-2.600547
-2.792747
-2.997172
-3.215205
-3.448338
-3.698167
-3.966381
-4.254759
-4.565152
-4.899477
-5.259688
-5.647756
-6.065627
-6.515174
-6.998125
-7.51598
-8.069893
-8.66053
-9.287889
-9.951077
-10.64805
-11.37531
-12.12754
-12.89724
-13.67434
-14.4458
-15.19538
-15.90343
-16.547
-17.10026
-17.53532
-17.82358
-17.93763
-17.85355
-17.55357
-17.02861
-16.28049
-15.32316
-14.18275
-12.89613
-11.50815
-10.06789
-8.624497
-7.22323
-5.902355
-4.691157
-3.609196
-2.666673
-1.865601
-1.201452
-0.6649459
-0.2437585
0.07601901
0.3087217
0.4682732
0.5676269
0.6184447
0.6309433
0.6138729
0.5745763
0.5190988
0.4523225
0.3781122
0.2994582
0.2186114
0.1372053
0.05636476
-0.02319907
-0.1011084
-0.1772508
-0.2517229
-0.3247846
-0.3968221
-0.4683196
-0.5398367
-0.6119922
-0.6854532
-0.7609272
-0.8391583
-0.9209265
-1.007049
-1.098383
-1.195831
-1.300348
-1.412948
-1.534715
-1.666809
-1.81048
-1.967078
-2.138064
-2.325026
-2.529687
-2.75392
-2.999759
-3.269413
-3.565272
-3.889915
-4.246113
-4.636823
-5.065176
-5.534448
-6.048022
-6.609317
-7.221691
-7.888301
-8.611915
-9.39465
-10.23763
-11.14055
-12.10112
-13.11436
-14.17182
-15.26062
-16.36247
-17.45273
-18.49957
-19.4636
-20.29822
-20.95092
-21.36605
-21.48908
-21.27236
-20.68191
-19.70411
-18.35101
-16.66262
-14.7053
-12.56565
-10.34122
-8.129491
-6.017689
-4.07512
-2.34919
-0.8650954
0.3716318
1.370872
2.153116
2.744984
3.175578
3.473807
3.666658
3.77823
3.829339
3.8375
3.817145
3.779956
3.735239
3.690305
3.650825
3.621139
3.604532
3.603461
3.619761
3.654789
3.709565
3.784878
3.881369
3.999601
4.140109
4.303442
4.490186
4.700985
4.936548
5.197651
5.485123
5.79983
6.142651
6.514429
6.915925
7.34775
7.810277
8.303538
8.827098
9.379903
9.960104
10.56485
11.19008
11.83025
12.47812
13.12452
13.75813
14.36542
14.93063
15.43596
15.86201
16.18846
16.39509
16.46307
16.37648
16.12394
15.70019
15.1073
14.35539
13.46262
12.45432
11.36132
10.2178
9.058689
7.917243
6.82287
5.79963
4.865395
4.031703
3.304177
2.683342
2.165666
1.74464
1.41181
1.157673
0.9723868
0.8463142
0.7703939
0.7363791
0.7369636
0.7658265
0.8176204
0.8879182
0.9731416
1.070476
1.177781
1.293507
1.416611
1.546488
1.682902
1.825934
1.975932
2.133472
2.299327
2.474439
2.6599
2.856937
3.066899
3.291246
3.531546
3.789464
4.066758
4.36527
4.686913
5.033659
5.407511
5.810478
6.244527
6.711526
7.213173
7.750885
8.325682
8.938016
9.587575
10.27304
10.99177
11.73954
12.51005
13.29463
14.08179
14.85687
15.60178
16.29494
16.9115
17.42391
17.80305
18.01982
18.04731
17.86343
17.4536
16.81336
15.95019
14.88431
13.648
12.28347
10.83938
9.366735
7.914508
6.525964
5.235949
4.069488
3.041627
2.158285
1.417765
0.8125785
0.3312913
-0.03982655
-0.3154527
-0.5101885
-0.6378616
-0.7110857
-0.7410324
-0.7373597
-0.7082382
-0.6604488
-0.5995146
-0.5298493
-0.4549071
-0.3773271
-0.2990659
-0.2215163
-0.1456112
-0.07191319
-0.0006901904
0.06802119
0.1343638
0.1986178
0.2611673
0.322474
0.3830576
0.4434812
0.5043411
0.5662604
0.6298861
0.6958875
0.7649581
0.8378185
0.9152208
0.9979542
1.086852
1.1828
1.286744
1.399699
1.522763
1.657121
1.804064
1.964998
2.141457
2.335114
2.547801
2.781517
3.038441
3.320949
3.631618
3.973235
4.348801
4.76152
5.214785
5.712148
6.257262
6.853808
7.505374
8.215289
8.986394
9.820732
10.71914
11.68073
12.70221
13.77709
14.89471
16.03917
17.18824
18.31228
19.37351
20.32584
21.11566
21.68399
21.97029
21.91809
21.48212
20.63605
19.37948
17.74219
15.78456
13.59273
11.2695
8.922404
6.651558
4.539815
2.646781
1.007159
-0.3672432
-1.483156
-2.360473
-3.027037
-3.514259
-3.853863
-4.075728
-4.206664
-4.269873
-4.284887
-4.26778
-4.231546
-4.186516
-4.14079
-4.10063
-4.070819
-4.054963
-4.055751
-4.075169
-4.114675
-4.175345
-4.257985
-4.363227
-4.491596
-4.643567
-4.819604
-5.020183
-5.245809
-5.497016
-5.774366
-6.078427
-6.409746
-6.76881
-7.155994
-7.571489
-8.015228
-8.486776
-8.985218
-9.509016
-10.05585
-10.62244
-11.20437
-11.79587
-12.38963
-12.97666
-13.54616
-14.08547
-14.58022
-15.01449
-15.37135
-15.63346
-15.784
-15.80779
-15.69253
-15.43011
-15.01774
-14.45886
-13.76352
-12.94826
-12.03527
-11.05103
-10.02453
-8.985229
-7.961141
-6.977164
-6.053871
-5.206832
-4.44646
-3.778295
-3.203609
-2.720196
-2.32323
-2.006094
-1.761114
-1.580169
-1.455163
-1.37837
-1.342663
-1.341652
-1.369748
-1.422179
-1.49496
-1.584848
-1.68928
-1.806305
-1.934512
-2.072968
-2.221152
-2.378901
-2.546363
-2.723948
-2.912298
-3.112249
-3.324811
-3.551141
-3.792523
-4.050355
-4.326128
-4.621407
-4.937817
-5.277014
-5.64066
-6.030383
-6.447733
-6.894124
-7.370751
-7.878505
-8.417844
-8.988659
-9.59009
-10.22033
-10.87636
-11.55374
-12.24626
-12.94566
-13.6414
-14.32039
-14.96689
-15.56254
-16.08666
-16.51677
-16.82955
-17.00216
-17.01382
-16.8478
-16.49337
-15.94758
-15.21658
-14.31611
-13.27107
-12.11404
-10.88283
-9.617634
-8.357828
-7.139219
-5.991848
-4.938662
-3.99507
-3.16926
-2.463081
-1.873262
-1.392747
-1.011968
-0.7199641
-0.5052837
-0.3566627
-0.2634913
-0.2161112
-0.2059653
-0.2256529
-0.2689104
-0.3305441
-0.4063407
-0.4929611
-0.5878331
-0.6890471
-0.7952587
-0.9056021
-1.019612
-1.13716
-1.258393
-1.383694
-1.513638
-1.648966
-1.790561
-1.939428
-2.096688
-2.263564
-2.441379
-2.631557
-2.83562
-3.055191
-3.291996
-3.547869
-3.82475
-4.124683
-4.449817
-4.80239
-5.184716
-5.599158
-6.048089
-6.533834
-7.058596
-7.624354
-8.23272
-8.884768
-9.580807
-10.3201
-11.10051
-11.91811
-12.7667
-13.63728
-14.51752
-15.39122
-16.23789
-17.03255
-17.74581
-18.34449
-18.79287
-19.0547
-19.09598
-18.88836
-18.41289
-17.66354
-16.64976
-15.39758
-13.94858
-12.35678
-10.68381
-8.993088
-7.34409
-5.787598
-4.36256
-3.094813
-1.997499
-1.072713
-0.3138427
0.2918704
0.7609498
1.111684
1.362599
1.531388
1.634254
1.68556
1.697711
1.68119
1.644688
1.595289
1.538669
1.479304
1.420663
1.365384
1.31543
1.272231
1.236793
1.209805
1.191718
1.182815
1.183267
1.193182
1.21264
1.241722
1.280541
1.329254
1.388083
1.45733
1.53738
1.628721
1.731946
1.847761
1.976997
2.120614
2.279711
2.455533
2.649477
2.863103
3.09814
3.356493
3.640244
3.951661
4.293189
4.667449
5.077216
5.525395
6.01498
6.548987
7.130365
7.761871
8.445897
9.184241
9.97781
10.82624
11.7274
12.67686
13.66711
14.68687
15.72021
16.74572
17.73585
18.65653
19.46738
20.12266
20.57338
20.77065
20.67026
20.23824
19.45664
18.32839
16.88026
15.16261
13.24564
11.2125
9.15037
7.141491
5.255494
3.544524
2.04143
0.7607034
-0.2986497
-1.14926
-1.811423
-2.309559
-2.669433
-2.916152
-3.072908
-3.160301
-3.19609
-3.195215
-3.170001
-3.130443
-3.084522
-3.038522
-2.997327
-2.964683
-2.943428
-2.935695
-2.943074
-2.966752
-3.007632
-3.066422
-3.143716
-3.240053
-3.35597
-3.492035
-3.64888
-3.827223
-4.027878
-4.251769
-4.499931
-4.773501
-5.073716
-5.401887
-5.759377
-6.147561
-6.567779
-7.021263
-7.509062
-8.031925
-8.590173
-9.183529
-9.810921
-10.47025
-11.15809
-11.86943
-12.59728
-13.33239
-14.06288
-14.77403
-15.44812
-16.06452
-16.6
-17.02946
-17.32705
-17.46773
-17.42926
-17.19446
-16.75346
-16.10564
-15.26097
-14.24025
-13.07424
-11.80152
-10.46547
-9.110755
-7.779739
-6.509556
-5.329974
-4.262351
-3.319562
-2.50674
-1.822537
-1.260642
-0.8113069
-0.4627275
-0.2021911
-0.0169522
0.1051461
0.1752723
0.203388
0.1981578
0.1669563
0.1159329
0.05011449
-0.02647469
-0.1106881
-0.2001343
-0.2930635
-0.3882639
-0.4849709
-0.5827881
-0.6816199
-0.7816165
-0.8831277
-0.9866657
-1.092876
-1.202518
-1.316444
-1.435594
-1.560985
-1.693711
-1.834941
-1.985924
-2.14799
-2.322561
-2.511155
-2.715396
-2.937022
-3.17789
-3.43999
-3.725444
-4.036512
-4.37559
-4.745201
-5.147979
-5.586647
-6.063969
-6.582691
-7.145457
-7.754687
-8.412414
-9.120081
-9.878261
-10.68631
-11.54196
-12.44076
-13.37554
-14.33565
-15.30635
-16.26806
-17.19581
-18.05901
-18.82159
-19.44294
-19.87961
-20.0882
-20.02919
-19.67156
-18.99767
-18.00754
-16.72153
-15.18059
-13.44362
-11.58214
-9.673053
-7.790971
-6.001342
-4.355608
-2.888844
-1.619806
-0.5528203
0.319226
1.011525
1.544169
1.939504
2.220126
2.407504
2.521159
2.578258
2.5935
2.579206
2.54551
2.500614
2.451052
2.401961
2.357318
2.320161
2.29278
2.276879
2.273718
2.284228
2.309104
2.348892
2.404048
2.474998
2.562175
2.666056
2.787189
2.926215
3.083885
3.261075
3.458792
3.678182
3.920532
4.187269
4.479956
4.800279
5.150029
5.53108
5.945349
6.394744
6.881102
7.406089
7.971092
8.577059
9.224316
9.912322
10.63939
11.40233
12.19606
13.01318
13.84347
14.67344
15.48596
16.25994
16.97038
17.58865
18.0834
18.42196
18.57247
18.50659
18.2026
17.64864
16.84535
15.80759
14.56464
13.15851
11.6407
10.06761
8.495461
6.975624
5.550869
4.253158
3.102945
2.109814
1.274059
0.5887531
0.04192591
-0.3814321
-0.6977062
-0.9233872
-1.07419
-1.164505
-1.207099
-1.213016
-1.191609
-1.150643
-1.096456
-1.034125
-0.9676497
-0.9001126
-0.8338389
-0.7705318
-0.7113936
-0.657229
-0.6085331
-0.5655653
-0.5284096
-0.497025
-0.4712856
-0.4510127
-0.4360012
-0.4260384
-0.4209204
-0.4204636
-0.4245132
-0.4329504
-0.4456968
-0.4627187
-0.4840293
-0.5096913
-0.5398189
-0.57458
-0.614198
-0.6589542
-0.7091908
-0.7653139
-0.8277979
-0.8971892
-0.9741126
-1.059276
-1.15348
-1.257622
-1.372709
-1.499865
-1.640342
-1.795536
-1.966994
-2.156432
-2.36575
-2.597046
-2.85263
-3.135041
-3.447063
-3.791728
-4.172331
-4.592424
-5.055807
-5.566498
-6.128695
-6.746687
-7.424747
-8.166958
-8.976969
-9.857665
-10.81072
-11.83599
-12.93077
-14.08884
-15.2993
-16.5453
-17.80254
-19.03801
-20.20885
-21.262
-22.13493
-22.75819
-23.06001
-22.9734
-22.44513
-21.44564
-19.97776
-18.0818
-15.83524
-13.34561
-10.73795
-8.139214
-5.663281
-3.399713
-1.408014
0.2825549
1.668914
2.767779
3.608724
4.227984
4.663635
4.95228
5.127095
5.216905
5.245962
5.234172
5.19754
5.148719
5.097557
5.05161
5.016591
4.996761
4.995241
5.014285
5.055484
5.119942
5.208409
5.321382
5.459187
5.622036
5.810062
6.023347
6.261926
6.525784
6.814839
7.12891
7.467678
7.830632
8.217001
8.625674
9.055113
9.50325
9.967372
10.44401
10.9288
11.4164
11.90037
12.37312
12.82586
13.24871
13.63075
13.9603
14.2253
14.41376
14.51438
14.51728
14.41474
14.20198
13.87777
13.44496
12.91064
12.28603
11.58602
10.82841
10.03281
9.219538
8.408431
7.617762
6.863426
6.158353
5.512247
4.931571
4.419777
3.977682
3.603938
3.29554
3.048311
2.857344
2.717376
2.623088
2.569338
2.551317
2.564663
2.605518
2.670555
2.756981
2.862513
2.985351
3.124138
3.27792
3.446101
3.628404
3.824826
4.035604
4.261175
4.502146
4.759256
5.033347
5.325329
5.636146
5.966738
6.317998
6.690721
7.085551
7.502913
7.942931
8.405343
8.889388
9.393689
9.916119
10.45365
11.00219
11.55645
12.10977
12.65403
13.17955
13.67512
14.12808
14.52458
14.84995
15.08932
15.22836
15.25417
15.15634
14.92799
14.56666
14.07509
13.4615
12.73956
11.92771
11.04821
10.12561
9.185274
8.2517
7.347149
6.49055
5.696823
4.976611
4.33639
3.778862
3.303539
2.907418
2.585667
2.332264
2.140538
2.003625
1.914799
1.867726
1.856614
1.876315
1.92236
1.990964
2.078999
2.183958
2.303899
2.437391
2.583458
2.741529
2.911379
3.093092
3.287013
3.493716
3.713968
3.948699
4.198978
4.465988
4.750996
5.055333
5.380362
5.727446
6.097911
6.492998
6.913806
7.361223
7.83584
8.337846
8.866909
9.422021
10.00134
10.60197
11.21981
11.84924
12.48299
13.11189
13.7247
14.3081
14.84668
15.32323
15.71914
16.01516
16.19238
16.23346
16.12413
15.85464
15.4212
14.82702
14.0829
13.20703
12.22415
11.1639
10.05877
8.941704
7.843863
6.792696
5.810574
4.914076
4.113881
3.415172
2.8184
2.320244
1.914611
1.593588
1.348265
1.169402
1.047931
0.9753085
0.9437454
0.9463239
0.9770509
1.030849
1.103512
1.191638
1.292557
1.404242
1.525237
1.654578
1.791722
1.936492
2.089022
2.249707
2.419174
2.598243
2.787905
2.989302
3.203709
3.432522
3.677246
3.939485
4.220931
4.523352
4.848579
5.198485
5.574955
5.97986
6.414999
6.882044
7.382458
7.917388
8.487538
9.093001
9.733064
10.40596
11.10861
11.83627
12.5822
13.33733
14.08984
14.82497
15.52478
16.16817
16.73126
17.18798
17.51126
17.67464
17.65431
17.43151
16.99496
16.34302
15.48516
14.44239
13.24635
11.93718
10.5603
9.162628
7.78879
6.477904
5.261298
4.161364
3.191494
2.356881
1.655882
1.081637
0.6237165
0.2695854
0.005817032
-0.1809911
-0.3035721
-0.3735834
-0.4013879
-0.3959724
-0.3649649
-0.3147116
-0.2503907
-0.1761424
-0.09520343
-0.01003652
0.07754899
0.1662887
0.2553677
0.3443387
0.4330514
0.5215948
0.6102491
0.6994477
0.7897467
0.8818019
0.9763515
1.074205
1.176233
1.28337
1.396605
1.516991
1.645644
1.783753
1.932585
2.093495
2.267935
2.457465
2.663761
2.88863
3.134017
3.402016
3.694872
4.014992
4.364938
4.747424
5.165299
5.621516
6.11909
6.661032
7.250251
7.889423
8.580811
9.326029
10.12573
10.97921
11.88393
12.8349
13.82401
14.83922
15.86375
16.87533
17.84553
18.73954
19.51647
20.13052
20.53326
20.67712
20.52014
20.03148
19.1969
18.02341
16.54149
14.80436
12.8837
10.86248
8.826156
6.853987
5.011959
3.348475
1.893038
0.6574989
-0.3609515
-1.175966
-1.808196
-2.281935
-2.622489
-2.854341
-2.999992
-3.079361
-3.109572
-3.105011
-3.077527
-3.036716
-2.990234
-2.944104
-2.903002
-2.870509
-2.84934
-2.841527
-2.848587
-2.871655
-2.911591
-2.969075
-3.044682
-3.138938
-3.252373
-3.385552
-3.539107
-3.713762
-3.910339
-4.129776
-4.373124
-4.641547
-4.936314
-5.25878
-5.610365
-5.99252
-6.406677
-6.854194
-7.336271
-7.853847
-8.407479
-8.997176
-9.622213
-10.28089
-10.97028
-11.68589
-12.42134
-13.16801
-13.91469
-14.64729
-15.34863
-15.99842
-16.57354
-17.04859
-17.39697
-17.59229
-17.6104
-17.43162
-17.04315
-16.44131
-15.63309
-14.63684
-13.48164
-12.20547
-10.85227
-9.468255
-8.098208
-6.782137
-5.552817
-4.434404
-3.442143
-2.582974
-1.856773
-1.257899
-0.7768158
-0.4015839
-0.1191114
0.08387144
0.2201161
0.3014014
0.3382744
0.3399407
0.3142579
0.2677983
0.2059513
0.1330496
0.05249948
-0.03308998
-0.1217862
-0.2122234
-0.3035052
-0.3951207
-0.4868726
-0.578817
-0.6712141
-0.7644882
-0.859196
-0.9560025
-1.055663
-1.159009
-1.266945
-1.380435
-1.500514
-1.628277
-1.764894
-1.911606
-2.069742
-2.240719
-2.426058
-2.627389
-2.846465
-3.085169
-3.345523
-3.629695
-3.940006
-4.278928
-4.649075
-5.053198
-5.494154
-5.974866
-6.498268
-7.067219
-7.684383
-8.352067
-9.072012
-9.84511
-10.67105
-11.54785
-12.47137
-13.43461
-14.42701
-15.43367
-16.43457
-17.40395
-18.30992
-19.11457
-19.77484
-20.24433
-20.47627
-20.42774
-20.06465
-19.3672
-18.33466
-16.9884
-15.37229
-13.54977
-11.59797
-9.599658
-7.634734
-5.772733
-4.067593
-2.555276
-1.254064
-0.1668066
0.7156541
1.410756
1.940771
2.329977
2.602574
2.781294
2.886607
2.936355
2.945699
2.927254
2.891329
2.846216
2.798487
2.75328
2.714561
2.685348
2.667913
2.663954
2.674732
2.701194
2.744069
2.803948
2.881348
2.976769
3.090732
3.22381
3.376661
3.550037
3.744808
3.96196
4.202607
4.467983
4.75944
5.078429
5.426482
5.805184
6.216125
6.660847
7.140772
7.657101
8.210696
8.801927
9.430478
10.09512
10.79345
11.52155
12.27365
13.04173
13.81516
14.58032
15.32034
16.01498
16.64079
17.17157
17.5793
17.83559
17.91363
17.79058
17.45018
16.88529
16.09989
15.11014
13.94412
12.64018
11.24399
9.804669
8.370662
6.98594
5.687078
4.501516
3.447024
2.532234
1.757905
1.118598
0.604461
0.2028807
-0.1001126
-0.3187511
-0.4667475
-0.5567841
-0.6002238
-0.6069831
-0.5855265
-0.5429342
-0.4850182
-0.4164563
-0.3409381
-0.261306
-0.1796865
-0.09761008
-0.0161167
0.06415256
0.1428774
0.219993
0.2956357
0.3700991
0.4437993
0.5172472
0.5910275
0.6657841
0.7422092
0.8210368
0.9030398
0.9890293
1.079857
1.176418
1.279658
1.390579
1.510247
1.639804
1.780474
1.933578
2.100541
2.28291
2.482361
2.700715
2.939947
3.202201
3.489797
3.805239
4.151217
4.530609
4.946464
5.401986
5.900489
6.445344
7.03989
7.687306
8.390439
9.15157
9.972101
10.85215
11.79004
12.78164
13.81965
14.89266
15.98424
17.07195
18.12648
19.11119
19.98212
20.68907
21.17775
21.39361
21.28702
20.81971
19.97144
18.74582
17.17364
15.3124
13.24189
11.05579
8.851255
6.718465
4.732125
2.946342
1.393175
0.08429014
-0.9853134
-1.832679
-2.482333
-2.962397
-3.301629
-3.527423
-3.664601
-3.734859
-3.75663
-3.745222
-3.713111
-3.6703
-3.624695
-3.582459
-3.548337
-3.525935
-3.517966
-3.526456
-3.552909
-3.598451
-3.663943
-3.750071
-3.857425
-3.986548
-4.137988
-4.312326
-4.510199
-4.732309
-4.979435
-5.252421
-5.552168
-5.879608
-6.235674
-6.621253
-7.037133
-7.483922
-7.961961
-8.471206
-9.011093
-9.580376
-10.17693
-10.79755
-11.43768
-12.0912
-12.75016
-13.4045
-14.04197
-14.64795
-15.20556
-15.69592
-16.09866
-16.39276
-16.55767
-16.57478
-16.42901
-16.1106
-15.61657
-14.9519
-14.12998
-13.17235
-12.10743
-10.96862
-9.791763
-8.612535
-7.463912
-6.374191
-5.365675
-4.454093
-3.648717
-2.952988
-2.365495
-1.881096
-1.492042
-1.188997
-0.9618901
-0.8005759
-0.6953209
-0.6371203
-0.6178855
-0.6305352
-0.6690083
-0.7282285
-0.8040373
-0.89311
-0.9928651
-1.101372
-1.217262
-1.339653
-1.468073
-1.602397
-1.742799
-1.8897
-2.043736
-2.205724
-2.376643
-2.55761
-2.749872
-2.954792
-3.173844
-3.408607
-3.660758
-3.932071
-4.224411
-4.53972
-4.880011
-5.247344
-5.643801
-6.071446
-6.532276
-7.028147
-7.560682
-8.131148
-8.740307
-9.388216
-10.07399
-10.79554
-11.54917
-12.32928
-13.1279
-13.93424
-14.73435
-15.51073
-16.2422
-16.90398
-17.46821
-17.90482
-18.18314
-18.27397
-18.15224
-17.79991
-17.20878
-16.38283
-15.33937
-14.10883
-12.73293
-11.26126
-9.747069
-8.24256
-6.794746
-5.442267
-4.213581
-3.126521
-2.189002
-1.400547
-0.7541963
-0.2384942
0.1607048
0.4587454
0.6710253
0.8122042
0.8957029
0.9334386
0.9357332
0.9113332
0.8675089
0.810194
0.7441427
0.6730912
0.5999109
0.5267516
0.4551683
0.386233
0.3206313
0.2587433
0.2007125
0.1465015
0.09593847
0.04875364
0.004608523
-0.03688149
-0.07613006
-0.1135673
-0.1496311
-0.184761
-0.2193952
-0.2539691
-0.2889155
-0.324666
-0.3616536
-0.400316
-0.4410993
-0.4844627
-0.5308835
-0.5808623
-0.634929
-0.6936489
-0.7576296
-0.8275282
-0.9040586
-0.9880004
-1.080208
-1.181618
-1.293265
-1.416286
-1.551938
-1.70161
-1.866834
-2.049304
-2.250889
-2.473651
-2.719862
-2.992016
-3.292851
-3.625357
-3.992787
-4.398663
-4.846765
-5.341118
-5.885955
-6.485648
-7.144614
-7.867162
-8.657286
-9.518358
-10.45273
-11.46116
-12.54217
-13.69106
-14.89886
-16.15103
-17.42599
-18.69369
-19.91428
-21.03742
-22.0025
-22.74043
-23.17757
-23.24212
-22.87281
-22.02908
-20.70082
-18.91544
-16.7397
-14.2748
-11.64508
-8.982382
-6.409928
-4.02894
-1.91075
-0.09486392
1.407984
2.609704
3.537614
4.227651
4.718914
5.049757
5.255413
5.366765
5.409963
5.406562
5.373951
5.325905
5.273165
5.223986
5.184618
5.159721
5.152717
5.16607
5.201518
5.260254
5.343076
5.450497
5.582829
5.740246
5.922829
6.130587
6.363472
6.621376
6.90411
7.211383
7.542758
7.897598
8.275008
8.673756
9.092186
9.528123
9.978768
10.44059
10.90921
11.37932
11.84457
12.29755
12.72975
13.13166
13.49287
13.80231
14.04866
14.22072
14.30808
14.30171
14.19469
13.98288
13.66551
13.24557
12.72999
12.12949
11.45815
10.73265
9.971394
9.193367
8.417119
7.659785
6.936313
6.258946
5.636956
5.076632
4.581464
4.15248
3.788668
3.487435
3.245053
3.057066
2.918641
2.824856
2.770913
2.752304
2.764915
2.80509
2.869661
2.955955
3.061778
3.185391
3.325474
3.481092
3.651651
3.836859
4.03669
4.251342
4.481206
4.726826
4.988871
5.268093
5.565299
5.881311
6.216923
6.572855
6.949702
7.347873
7.767517
8.208444
8.670028
9.151099
9.649826
10.16358
10.6888
11.22085
11.75388
12.28072
12.79279
13.28012
13.73134
14.13396
14.47457
14.7394
14.91487
14.98843
14.94939
14.78992
14.50588
14.09761
13.57037
12.93443
12.2048
11.40041
10.54303
9.655911
8.762316
7.884163
7.040865
6.248515
5.519423
4.862015
4.281036
3.777968
3.351596
2.998616
2.714245
2.492767
2.327998
2.213667
2.143692
2.112388
2.11459
2.145732
2.201872
2.279692
2.376473
2.490055
2.618793
2.761506
2.917424
3.086142
3.267575
3.46191
3.669577
3.891205
4.127596
4.379691
4.648545
4.935298
5.241143
5.567298
5.914967
6.285298
6.679334
7.097954
7.541797
8.011175
8.505972
9.025519
9.56845
10.13254
10.71453
11.30993
11.91281
12.51564
13.10911
13.68204
14.22135
14.71223
15.13836
15.48245
15.72697
15.85512
15.85197
15.70581
15.40942
14.96123
14.36614
13.63582
12.7884
11.84755
10.8409
9.798218
8.74928
7.721965
6.74064
5.825046
4.989736
4.244035
3.592423
3.035218
2.569406
2.189525
1.888492
1.658319
1.490702
1.377474
1.310912
1.283953
1.29031
1.324522
1.381949
1.458747
1.551808
1.658694
1.77757
1.907131
2.046536
2.195346
2.35347
2.521116
2.698749
2.887055
3.086913
3.299367
3.525605
3.766942
4.024802
4.300702
4.596236
4.913057
5.252849
5.617306
6.008092
6.426795
6.874869
7.353555
7.86379
8.406085
8.980381
9.585868
10.22078
10.88215
11.56555
12.26477
12.97154
13.67523
14.36263
15.01783
15.62221
16.15476
16.59258
16.91189
17.08932
17.10358
16.93747
16.5799
16.02774
15.28715
14.37417
13.31421
12.14056
10.89188
9.609204
8.332746
7.098974
5.938409
4.874269
3.922036
3.089802
2.379203
1.78668
1.304844
0.923801
0.6322827
0.4185673
0.2711609
0.1792674
0.1330789
0.1239255
0.1443225
0.187945
0.2495574
0.3249169
0.4106651
0.5042164
0.6036515
0.7076184
0.8152433
0.9260526
1.039905
1.156937
1.277512
1.402186
1.531674
1.666831
1.808631
1.958156
2.116589
2.28521
2.465394
2.658614
2.86644
3.090546
3.332713
3.594831
3.878901
4.187036
4.521454
4.884465
5.278459
5.705868
6.169132
6.670627
7.212592
7.797003
8.42543
9.09884
9.817349
10.57991
11.38396
12.22492
13.09577
13.98641
14.88312
15.76807
16.61882
17.40826
18.10477
18.67309
19.07581
19.27571
19.23892
18.93867
18.3592
17.49921
16.37419
15.01679
13.47507
11.8085
10.08239
8.361691
6.7052
5.161165
3.764721
2.537282
1.48755
0.6136212
-0.09439409
-0.651722
-1.076555
-1.388167
-1.605524
-1.74636
-1.826648
-1.860358
-1.859415
-1.833798
-1.791706
-1.739764
-1.683242
-1.626263
-1.571999
-1.522845
-1.480577
-1.446479
-1.421459
-1.406143
-1.400957
-1.406186
-1.422036
-1.448671
-1.486251
-1.534963
-1.59504
-1.666784
-1.750582
-1.846913
-1.956368
-2.079654
-2.217602
-2.371181
-2.541501
-2.729822
-2.937561
-3.166295
-3.417772
-3.693909
-3.996793
-4.328682
-4.691989
-5.089273
-5.523206
-5.996533
-6.512013
-7.072332
-7.679985
-8.33712
-9.045326
-9.805363
-10.61682
-11.47767
-12.38379
-13.32828
-14.30084
-15.28698
-16.26734
-17.21704
-18.10535
-18.89583
-19.54708
-20.01451
-20.25312
-20.22142
-19.88617
-19.22755
-18.24366
-16.95362
-15.39801
-13.63646
-11.74215
-9.794408
-7.87067
-6.039154
-4.353692
-2.851137
-1.551328
-0.4590209
0.4329951
1.14038
1.683908
2.086695
2.372097
2.562284
2.677385
2.735073
2.750457
2.736179
2.70262
2.658172
2.609512
2.56188
2.519334
2.484971
2.461128
2.449549
2.451525
2.468017
2.499753
2.54731
2.611178
2.69182
2.78971
2.905368
3.03939
3.192467
3.365401
3.559119
3.774677
4.013267
4.276212
4.564963
4.881089
5.226255
5.602197
6.010686
6.453475
6.93223
7.44844
8.003305
8.597583
9.231405
9.904052
10.61367
11.35697
12.12881
12.92182
13.72596
14.52811
15.3117
16.05649
16.73863
17.33097
17.80389
18.12669
18.26955
18.206
17.91586
17.38807
16.6232
15.63498
14.45049
13.10869
11.65749
10.14958
8.637867
7.171075
5.790301
4.526785
3.401143
2.423802
1.596336
0.9133164
0.3642946
-0.06431842
-0.38767
-0.621232
-0.7799145
-0.8774994
-0.9263152
-0.9371068
-0.9190299
-0.8797332
-0.8254895
-0.7613492
-0.6913031
-0.6184372
-0.5450795
-0.4729309
-0.4031817
-0.336611
-0.2736727
-0.2145669
-0.1592991
-0.1077287
-0.05960853
-0.01461536
0.02762558
0.06752225
0.1055021
0.1420024
0.1774636
0.2123255
0.2470254
0.281998
0.3176764
0.3544945
0.3928901
0.4333087
0.4762077
0.5220616
0.5713668
0.6246478
0.6824633
0.7454126
0.8141429
0.8893567
0.9718204
1.062373
1.161934
1.271519
1.392242
1.525337
1.672164
1.834227
2.013184
2.210869
2.429304
2.670716
2.937554
3.232505
3.558506
3.918756
4.31672
4.756128
5.240954
5.77539
6.363783
7.010546
7.720019
8.496271
9.342819
10.26224
11.25568
12.32212
13.45759
14.65407
15.89821
17.16996
18.44107
19.67373
20.81974
21.82048
22.60839
23.11038
23.25376
22.97449
22.22714
20.99495
19.29751
17.19387
14.77901
12.17364
9.509297
6.91194
4.487875
2.31465
0.43797
-1.126111
-2.385521
-3.365025
-4.099273
-4.627034
-4.987005
-5.215134
-5.343198
-5.398272
-5.40279
-5.374917
-5.329098
-5.276633
-5.226231
-5.184508
-5.156413
-5.145592
-5.154682
-5.185551
-5.239492
-5.317374
-5.419761
-5.547003
-5.6993
-5.876752
-6.079386
-6.30717
-6.560012
-6.837747
-7.140115
-7.466717
-7.81697
-8.190047
-8.584797
-8.99967
-9.432613
-9.880974
-10.34139
-10.80967
-11.28072
-11.7484
-12.20553
-12.64382
-13.05395
-13.42566
-13.74798
-14.00956
-14.19911
-14.30595
-14.32067
-14.23581
-14.04654
-13.75132
-13.35231
-12.85559
-12.27113
-11.61236
-10.89555
-10.13886
-9.361305
-8.58166
-7.817488
-7.0843
-6.394978
-5.75946
-5.184672
-4.674675
-4.230985
-3.852972
-3.538327
-3.283506
-3.08416
-2.935492
-2.832558
-2.770505
-2.744739
-2.751044
-2.785652
-2.845284
-2.927155
-3.028968
-3.148886
-3.285501
-3.437799
-3.605115
-3.787097
-3.983666
-4.194979
-4.421388
-4.663412
-4.921698
-5.196989
-5.490086
-5.801818
-6.132993
-6.484361
-6.856556
-7.250042
-7.665043
-8.101461
-8.558787
-9.035995
-9.531424
-10.04265
-10.56634
-11.09812
-11.63244
-12.16244
-12.67985
-13.17501
-13.63686
-14.05309
-14.41044
-14.69514
-14.89345
-14.99244
-14.98087
-14.8501
-14.59503
-14.21488
-13.71373
-13.10072
-12.38984
-11.59925
-10.75025
-9.865952
-8.969824
-8.084287
-7.229488
-6.422397
-5.676255
-5.000402
-4.400408
-3.878458
-3.433889
-3.063805
-2.763687
-2.527962
-2.350492
-2.224972
-2.145235
-2.105469
-2.100366
-2.125204
-2.175884
-2.248937
-2.341502
-2.451289
-2.576535
-2.715955
-2.868685
-3.03424
-3.212465
-3.40349
-3.60769
-3.825655
-4.058149
-4.306088
-4.570505
-4.852528
-5.153345
-5.474177
-5.816242
-6.180715
-6.568679
-6.98107
-7.418607
-7.881706
-8.370385
-8.884141
-9.421816
-9.981437
-10.56004
-11.15348
-11.75623
-12.3612
-12.95953
-13.54054
-14.09162
-14.59834
-15.0447
-15.41354
-15.68724
-15.84861
-15.88204
-15.77476
-15.51819
-15.10913
-14.55071
-13.85283
-13.03206
-12.1108
-11.11594
-10.07699
-9.024053
-7.985793
-6.987727
-6.050963
-5.191486
-4.419994
-3.742181
-3.15936
-2.669272
-2.266975
-1.945692
-1.697566
-1.514288
-1.387579
-1.309548
-1.272917
-1.271168
-1.298604
-1.350359
-1.422376
-1.51135
-1.61467
-1.730346
-1.856937
-1.993484
-2.139448
-2.294651
-2.459225
-2.633571
-2.81832
-3.014303
-3.222521
-3.444126
-3.680404
-3.932751
-4.202662
-4.491718
-4.801558
-5.133869
-5.490354
-5.872699
-6.282531
-6.721367
-7.190538
-7.691103
-8.223739
-8.788603
-9.385162
-10.012
-10.66657
-11.34497
-12.04158
-12.74885
-13.45691
-14.15339
-14.82321
-15.44855
-16.00904
-16.48221
-16.84433
-17.07157
-17.14163
-17.03565
-16.74021
-16.24938
-15.56619
-14.70353
-13.68403
-12.53883
-11.30537
-10.02452
-8.737305
-7.481889
-6.291052
-5.190554
-4.198412
-3.325014
-2.573911
-1.943002
-1.425902
-1.013302
-0.694183
-0.45681
-0.289489
-0.1811051
-0.121466
-0.1014919
-0.1132899
-0.1501483
-0.2064762
-0.2777125
-0.3602191
-0.4511685
-0.5484345
-0.6504896
-0.7563123
-0.8653051
-0.9772235
-1.092116
-1.210272
-1.332184
-1.458513
-1.590062
-1.72776
-1.872645
-2.025858
-2.188635
-2.362308
-2.548302
-2.748143
-2.963455
-3.195968
-3.447521
-3.720067
-4.015668
-4.336499
-4.684837
-5.063048
-5.473562
-5.91884
-6.401321
-6.923351
-7.487082
-8.094342
-8.746464
-9.444065
-10.18677
-10.97285
-11.79886
-12.65909
-13.54508
-14.445
-15.34311
-16.21926
-17.04857
-17.80145
-18.44408
-18.93958
-19.24992
-19.33873
-19.17478
-18.73596
-18.01311
-17.01305
-15.76004
-14.29511
-12.67313
-10.95788
-9.215893
-7.510319
-5.895613
-4.413988
-3.093841
-1.950027
-0.9855314
-0.1939328
0.4378671
0.9270765
1.292852
1.554645
1.731053
1.839103
1.893879
1.908397
1.893642
1.858716
1.811028
1.756516
1.699862
1.644696
1.593789
1.549212
1.512484
1.484696
1.466612
1.458758
1.461495
1.475076
1.499698
1.535541
1.582797
1.641701
1.712549
1.795716
1.891671
2.000989
2.124361
2.262604
2.416671
2.587655
2.7768
2.985504
3.21533
3.468003
3.745421
4.049647
4.38291
4.747593
5.146214
5.581399
6.055838
6.572222
7.133154
7.741031
8.397884
9.105162
9.863463
10.67218
11.52909
12.42981
13.36722
14.33075
15.3057
16.27251
17.20622
18.07616
18.84614
19.47529
19.91984
20.13592
20.08347
19.73089
19.05999
18.07032
16.78197
15.23588
13.49123
11.62005
9.699926
7.806254
6.005213
4.348857
2.872695
1.595725
0.5223422
-0.3546331
-1.050551
-1.585709
-1.982676
-2.264259
-2.45212
-2.565943
-2.623029
-2.638185
-2.623812
-2.590107
-2.54532
-2.496019
-2.447366
-2.403357
-2.367043
-2.340727
-2.326121
-2.324495
-2.336784
-2.363696
-2.405783
-2.463513
-2.537321
-2.627655
-2.735004
-2.859931
-3.003092
-3.165256
-3.347315
-3.550293
-3.77535
-4.02379
-4.297048
-4.596694
-4.924412
-5.281986
-5.671264
-6.094126
-6.552419
-7.04789
-7.582084
-8.156218
-8.771022
-9.426532
-10.12185
-10.85482
-11.62172
-12.41681
-13.23191
-14.05594
-14.87448
-15.66942
-16.41876
-17.09672
-17.67421
-18.11983
-18.40149
-18.48867
-18.35519
-17.98236
-17.36196
-16.49866
-15.41125
-14.13234
-12.70621
-11.18528
-9.625347
-8.080736
-6.599878
-5.222082
-3.975762
-2.87813
-1.936105
-1.148003
-0.5056118
0.003701725
0.3951153
0.6848199
0.8888757
1.022434
1.099261
1.131502
1.129616
1.102418
1.057203
0.9999011
0.9352444
0.8669406
0.7978327
0.7300472
0.6651244
0.6041331
0.5477681
0.4964335
0.4503111
0.4094179
0.3736528
0.3428333
0.316726
0.2950698
0.2775938
0.264031
0.2541288
0.2476562
0.2444092
0.2442142
0.2469304
0.2524513
0.2607055
0.2716572
0.2853063
0.3016889
0.3208776
0.342982
0.3681493
0.3965659
0.4284587
0.4640968
0.5037947
0.5479146
0.5968705
0.6511321
0.71123
0.7777612
0.8513954
0.9328826
1.023061
1.122866
1.233342
1.35565
1.491084
1.641084
1.807247
1.991349
2.195356
2.421446
2.672028
2.949754
3.257545
3.598601
3.976412
4.394769
4.857756
5.369733
5.935297
6.559216
7.246324
8.001353
8.828703
9.732107
10.71417
11.77577
12.91523
14.12729
15.40186
16.72254
18.06489
19.39487
20.66729
21.82515
22.80007
23.51471
23.88772
23.84162
23.31324
22.26557
20.69829
18.65469
16.22145
13.52062
10.69459
7.887392
5.226932
2.811866
0.7054006
-1.064195
-2.49815
-3.619252
-4.463594
-5.073461
-5.492008
-5.759793
-5.912861
-5.98197
-5.992579
-5.965256
-5.916289
-5.858359
-5.801185
-5.752102
-5.716553
-5.698505
-5.700784
-5.725343
-5.77348
-5.846001
-5.943355
-6.065725
-6.213106
-6.385348
-6.582186
-6.803259
-7.048103
-7.316139
-7.60665
-7.918736
-8.251275
-8.602861
-8.971738
-9.355729
-9.752157
-10.15777
-10.56865
-10.98017
-11.38691
-11.78265
-12.16039
-12.51235
-12.83015
-13.10495
-13.32774
-13.48964
-13.58236
-13.59863
-13.53272
-13.38092
-13.14197
-12.81738
-12.41161
-11.93199
-11.38857
-10.79357
-10.16086
-9.505199
-8.84145
-8.183877
-7.545487
-6.937538
-6.369216
-5.847485
-5.377106
-4.960789
-4.599429
-4.292407
-4.037915
-3.833271
-3.675217
-3.560173
-3.48445
-3.444417
-3.436625
-3.4579
-3.505396
-3.576627
-3.669477
-3.782196
-3.913384
-4.06197
-4.227178
-4.408503
-4.605671
-4.818611
-5.047415
-5.292308
-5.553608
-5.831689
-6.126944
-6.439741
-6.770377
-7.119027
-7.485688
-7.870113
-8.271741
-8.68962
-9.122314
-9.567817
-10.02345
-10.48577
-10.95045
-11.41224
-11.86487
-12.30104
-12.71244
-13.08985
-13.42329
-13.70233
-13.91639
-14.05529
-14.10976
-14.0721
-13.93677
-13.70105
-13.36546
-12.93411
-12.41472
-11.81841
-11.15923
-10.4534
-9.718418
-8.972091
-8.23155
-7.512432
-6.828219
-6.18982
-5.605382
-5.080315
-4.617493
-4.217581
-3.879425
-3.600471
-3.37717
-3.205343
-3.080496
-2.998073
-2.953651
-2.94308
-2.962586
-3.008815
-3.078873
-3.170319
-3.281159
-3.409817
-3.555109
-3.716202
-3.892582
-4.084011
-4.290493
-4.512238
-4.749624
-5.003163
-5.273469
-5.561215
-5.867103
-6.191819
-6.535988
-6.900122
-7.284567
-7.689429
-8.114503
-8.559182
-9.022362
-9.502326
-9.996632
-10.50198
-11.01408
-11.52755
-12.03579
-12.53093
-13.00377
-13.4439
-13.83979
-14.17908
-14.44896
-14.63675
-14.73056
-14.72007
-14.59738
-14.35785
-14.00076
-13.52984
-12.95341
-12.28422
-11.53887
-10.73688
-9.899503
-9.048479
-8.204712
-7.387179
-6.612067
-5.892238
-5.237014
-4.652253
-4.140651
-3.702204
-3.334744
-3.034492
-2.796581
-2.615513
-2.485542
-2.400969
-2.356365
-2.346721
-2.367544
-2.414901
-2.485436
-2.576361
-2.685425
-2.810878
-2.951424
-3.106182
-3.27463
-3.456572
-3.652086
-3.861493
-4.085316
-4.324251
-4.579132
-4.850899
-5.140572
-5.449214
-5.777898
-6.127667
-6.499484
-6.894187
-7.312416
-7.754542
-8.220575
-8.71006
-9.221953
-9.754482
-10.30499
-10.86977
-11.4439
-12.02103
-12.5933
-13.15116
-13.68339
-14.17708
-14.61787
-14.99029
-15.2783
-15.46603
-15.53877
-15.48401
-15.29268
-14.96018
-14.48735
-13.881
-13.15398
-12.32471
-11.41616
-10.45436
-9.466704
-8.480089
-7.519302
-6.6057
-5.756344
-4.983606
-4.29522
-3.694671
-3.181824
-2.753669
-2.405095
-2.129607
-1.91995
-1.768617
-1.668239
-1.611861
-1.593121
-1.606356
-1.646649
-1.709829
-1.792443
-1.891709
-2.005461
-2.132083
-2.270451
-2.419872
-2.580027
-2.750924
-2.932852
-3.126341
-3.332132
-3.551145
-3.784451
-4.033254
-4.298867
-4.582689
-4.886187
-5.210867
-5.558248
-5.929827
-6.327036
-6.751185
-7.203398
-7.684528
-8.195055
-8.734956
-9.303559
-9.899362
-10.51983
-11.16116
-11.81803
-12.48336
-13.14804
-13.80075
-14.42779
-15.01313
-15.53853
-15.98399
-16.32845
-16.55079
-16.63121
-16.55282
-16.30334
-15.87683
-15.27498
-14.50793
-13.59428
-12.56023
-11.43785
-10.26279
-9.071521
-7.898747
-6.775128
-5.72566
-4.768814
-3.916387
-3.173973
-2.541841
-2.016044
-1.589578
-1.253465
-0.9976884
-0.8119341
-0.6861466
-0.6109152
-0.5776974
-0.5789512
-0.6081715
-0.6598675
-0.7295043
-0.8134224
-0.9087463
-1.013291
-1.125472
-1.244217
-1.368898
-1.499256
-1.635347
-1.777494
-1.926245
-2.082342
-2.246693
-2.420353
-2.604507
-2.800461
-3.009635
-3.233553
-3.473844
-3.732233
-4.010543
-4.310682
-4.634639
-4.984466
-5.362259
-5.77013
-6.210156
-6.684333
-7.194487
-7.742177
-8.328564
-8.95424
-9.619016
-10.32167
-11.05963
-11.82864
-12.62231
-13.43174
-14.24502
-15.04688
-15.81839
-16.53683
-17.17593
-17.70651
-18.09758
-18.31816
-18.33962
-18.13848
-17.69947
-17.01823
-16.1034
-14.97734
-13.67535
-12.24317
-10.73315
-9.19963
-7.69427
-6.262091
-4.938701
-3.748978
-2.707098
-1.817627
-1.077276
-0.4769301
-0.003631715
0.3576802
0.6227785
0.8071247
0.9251869
0.9900326
1.013138
1.004345
0.971928
0.9227068
0.8622085
0.7948257
0.7239844
0.6522969
0.5816959
0.5135624
0.4488322
0.3880876
0.331635
0.279569
0.2318264
0.1882281
0.1485144
0.1123715
0.07945285
0.04939479
0.02182856
-0.003611581
-0.02728271
-0.04952985
-0.07068433
-0.09106339
-0.1109709
-0.1306987
-0.150529
-0.1707364
-0.1915908
-0.2133608
-0.2363165
-0.2607333
-0.286895
-0.3150979
-0.3456546
-0.3788979
-0.4151852
-0.4549033
-0.4984727
-0.5463533
-0.5990501
-0.6571189
-0.7211733
-0.7918922
-0.8700272
-0.9564122
-1.051973
-1.157736
-1.274844
-1.404565
-1.548307
-1.707635
-1.884286
-2.080187
-2.29747
-2.538499
-2.80588
-3.102487
-3.431477
-3.796306
-4.200737
-4.648842
-5.144994
-5.693836
-6.300228
-6.969157
-7.705597
-8.514301
-9.399504
-10.36451
-11.41111
-12.53885
-13.74406
-15.0186
-16.34842
-17.71185
-19.07784
-20.4043
-21.63694
-22.70922
-23.54394
-24.05746
-24.16677
-23.79969
-22.90695
-21.47424
-19.53108
-17.15334
-14.45755
-11.58706
-8.693035
-5.914979
-3.365047
-1.119358
0.7833178
2.336984
3.560482
4.48868
5.164568
5.633165
5.937415
6.115845
6.201526
6.221935
6.199316
6.151303
6.091631
6.030824
5.976823
5.935516
5.911188
5.906884
5.924701
5.966016
6.031672
6.122114
6.237493
6.377741
6.542628
6.731795
6.944766
7.180953
7.439644
7.719976
8.020906
8.341164
8.679198
9.033119
9.400631
9.778963
10.1648
10.55423
10.94265
11.32478
11.69464
12.04551
12.3701
12.66057
12.9088
13.10658
13.24593
13.31954
13.3211
13.24581
13.09073
12.85521
12.54108
12.1528
11.69738
11.18418
10.62445
10.03084
9.416738
8.795613
8.180364
7.582774
7.013084
6.479704
5.989084
5.545718
5.152268
4.809768
4.517879
4.275168
4.079386
3.927729
3.817068
3.744139
3.705699
3.698645
3.720097
3.767454
3.838428
3.931057
4.043705
4.175049
4.32406
4.48998
4.672289
4.87068
5.085023
5.315331
5.561726
5.824405
6.103598
6.399528
6.712371
7.042204
7.388955
7.752343
8.131816
8.526477
8.935014
9.35561
9.785861
10.22269
10.66227
11.09995
11.53017
11.9465
12.34159
12.70728
13.03472
13.31457
13.53735
13.69374
13.77513
13.77411
13.68502
13.50447
13.23182
12.86946
12.423
11.90113
11.31531
10.67925
10.00817
9.317994
8.624513
7.942587
7.285504
6.664497
6.088462
5.56387
5.094848
4.683387
4.329644
4.032288
3.788858
3.5961
3.450275
3.347414
3.283528
3.254768
3.257541
3.288586
3.34502
3.424362
3.524528
3.643827
3.780931
3.934855
4.104917
4.290711
4.492067
4.709019
4.941767
5.190643
5.456075
5.738551
6.038578
6.356638
6.693149
7.048406
7.422527
7.815385
8.22654
8.655149
9.099878
9.558803
10.0293
10.50794
10.99038
11.47127
11.94418
12.40154
12.83468
13.2339
13.58863
13.88771
14.11977
14.27373
14.33943
14.30831
14.17408
13.93344
13.58664
13.13776
12.59489
11.96984
11.27766
10.53579
9.7631
8.978764
8.201218
7.447223
6.73115
6.064525
5.455842
4.910602
4.431565
4.019112
3.671696
3.386303
3.1589
2.98483
2.859147
2.77689
2.73328
2.723867
2.744626
2.792007
2.862958
2.954926
3.065834
3.194056
3.338378
3.497961
3.672302
3.861188
4.064664
4.282991
4.516614
4.766126
5.032233
5.315721
5.61742
5.938169
6.278767
6.639934
7.022249
7.426092
7.851569
8.298424
8.765944
9.252849
9.757163
10.27608
10.80583
11.34153
11.87703
12.40485
12.91607
13.40033
13.84593
14.24004
14.56899
14.81885
14.97602
15.02809
14.96477
14.77878
14.4668
14.03014
13.47517
12.8133
12.0606
11.23693
10.36475
9.467697
8.569117
7.690706
6.851412
6.066675
5.348047
4.703164
4.136009
3.647387
3.235506
2.896609
2.625575
2.416459
2.262946
2.158707
2.097663
2.074177
2.083161
2.120146
2.181296
2.263403
2.363856
2.480598
2.612083
2.757217
2.915312
3.086036
3.269367
3.465552
3.675072
3.8986
4.136979
4.391188
4.662312
4.951521
5.260032
5.589087
5.939906
6.313652
6.711379
7.133967
7.582049
8.055926
8.555454
9.07992
9.627897
10.19708
10.78409
11.38429
11.99158
12.59822
13.19464
13.76936
14.30902
14.79845
15.22103
15.55919
15.79517
15.91206
15.89499
15.73245
15.41762
14.94953
14.33385
13.58312
12.71636
11.75811
10.73672
9.682476
8.625433
7.593502
6.610852
5.696849
4.86555
4.125726
3.481298
2.93206
2.474546
2.102925
1.809825
1.587054
1.426179
1.318953
1.257629
1.235152
1.245265
1.282553
1.342437
1.42113
1.515586
1.623425
1.742869
1.87266
2.012003
2.160499
2.318092
2.485018
2.661769
2.849054
3.04777
3.258977
3.48388
3.723808
3.9802
4.254588
4.548584
4.863859
5.202122
5.565094
5.954473
6.371888
6.818842
7.296638
7.806284
8.348375
8.922952
9.529323
10.16585
10.82972
11.51665
12.2206
12.93347
13.64479
14.34147
15.00768
15.6248
16.17171
16.6253
16.96141
17.1561
17.18739
17.03723
16.69361
16.15248
15.41919
14.50916
13.44751
12.26754
11.00832
9.711581
8.418435
7.166375
5.986931
4.904218
3.934439
3.086207
2.361466
1.756784
1.26476
0.8753734
0.5771618
0.3581697
0.2066598
0.1115976
0.06295282
0.05185668
0.07064956
0.1128569
0.1731173
0.2470824
0.3313061
0.4231299
0.5205739
0.6222347
0.7271945
0.8349406
0.9452963
1.058363
1.174472
1.294146
1.418064
1.547044
1.682021
1.824035
1.974222
2.133813
2.30413
2.48659
2.682704
2.894086
3.122453
3.369634
3.637572
3.928326
4.244068
4.587082
4.959748
5.36452
5.8039
6.280383
6.796396
7.354201
7.955771
8.602628
9.295626
10.03469
10.81847
11.64395
12.50597
13.39664
14.30484
15.21551
16.10922
16.96172
17.74387
18.42206
18.95914
19.31628
19.45563
19.34379
18.95586
18.27943
17.31802
16.09289
14.64289
13.02184
11.29373
9.526605
7.786106
6.129755
4.602965
3.237071
2.049335
1.044476
0.2171432
-0.4452846
-0.96
-1.346459
-1.624618
-1.813671
-1.931269
-1.993097
-2.012715
-2.001593
-1.969244
-1.923426
-1.870363
-1.814971
-1.761072
-1.71159
-1.66872
-1.634083
-1.608851
-1.593855
-1.589681
-1.596739
-1.615332
-1.645702
-1.688073
-1.742685
-1.809822
-1.889835
-1.983157
-2.09032
-2.211971
-2.348875
-2.501932
-2.672183
-2.860814
-3.069168
-3.298743
-3.551204
-3.828378
-4.132254
-4.464978
-4.828843
-5.226262
-5.659747
-6.131856
-6.64513
-7.202005
-7.804689
-8.455001
-9.154161
-9.902517
-10.69921
-11.54175
-12.42554
-13.34324
-14.28419
-15.23371
-16.17247
-17.07596
-17.91434
-18.65258
-19.25143
-19.66914
-19.86417
-19.79891
-19.44405
-18.78316
-17.8167
-16.56445
-15.0658
-13.37714
-11.5669
-9.708706
-7.874201
-6.126496
-4.515552
-3.075849
-1.826315
-0.7720289
0.09302994
0.7828164
1.316209
1.71446
1.999233
2.19126
2.309495
2.370692
2.389266
2.377346
2.344945
2.300198
2.249607
2.198293
2.150233
2.108468
2.07529
2.052402
2.041054
2.042161
2.056394
2.084263
2.12618
2.182514
2.253633
2.339938
2.441894
2.560051
2.695061
2.847697
3.018858
3.209583
3.421057
3.654611
3.911727
4.194034
4.5033
4.841423
5.210409
5.612346
6.049359
6.523557
7.036952
7.59136
8.188265
8.828645
9.512753
10.23985
11.00785
11.81296
12.6492
13.5079
14.37717
15.24139
16.08081
16.87127
17.58433
18.18779
18.64686
18.926
18.9916
18.81521
18.37717
17.67005
16.70128
15.4944
14.0883
12.53448
10.89253
9.224515
7.589464
6.038474
4.61148
3.335745
2.226029
1.286021
0.5105353
-0.1120159
-0.5972687
-0.9628943
-1.227034
-1.407184
-1.519488
-1.578348
-1.596266
-1.583858
-1.549962
-1.501808
-1.44521
-1.384769
-1.32406
-1.265809
-1.212051
-1.164267
-1.123498
-1.090452
-1.065585
-1.049169
-1.041353
-1.042208
-1.051768
-1.070057
-1.097115
-1.133021
-1.177904
-1.231961
-1.295464
-1.368772
-1.452336
-1.546711
-1.652559
-1.770658
-1.901909
-2.047344
-2.208133
-2.385595
-2.581204
-2.796598
-3.033589
-3.294169
-3.580518
-3.895006
-4.240192
-4.618822
-5.03381
-5.488213
-5.985193
-6.527947
-7.119623
-7.763186
-8.461242
-9.215805
-10.02798
-10.89757
-11.82255
-12.79848
-13.81775
-14.8687
-15.93479
-16.99363
-18.01627
-18.96678
-19.80239
-20.47459
-20.93134
-21.12079
-20.99626
-20.52229
-19.68094
-18.47704
-16.94114
-15.12902
-13.11719
-10.99511
-8.855333
-6.783842
-4.852039
-3.111938
-1.594744
-0.3123309
0.7393305
1.57588
2.220287
2.699165
3.039937
3.268879
3.40995
3.484191
3.509561
3.501042
3.470895
3.428994
3.383168
3.339543
3.302853
3.276708
3.263835
3.26627
3.285535
3.322766
3.378836
3.45444
3.550172
3.666584
3.804232
3.963708
4.145668
4.350848
4.580071
4.834251
5.114382
5.421532
5.75681
6.121344
6.516225
6.942459
7.400881
7.89207
8.416225
8.973023
9.561446
10.17958
10.82437
11.49137
12.17445
12.86553
13.55427
14.22786
14.87092
15.46549
15.99129
16.42625
16.74739
16.93206
16.95952
16.81281
16.4807
15.95947
15.2542
14.37944
13.35879
12.22359
11.01066
9.759459
8.509022
7.295174
6.148303
5.091949
4.142263
3.308228
2.592465
1.992395
1.501531
1.110749
0.8094068
0.586265
0.4301785
0.330586
0.2778226
0.2632916
0.2795289
0.3201948
0.3800164
0.4547005
0.5408336
0.6357752
0.7375557
0.8447793
0.9565373
1.072331
1.192003
1.315684
1.443743
1.576751
1.715446
1.860715
2.013573
2.175152
2.34669
2.529529
2.725112
2.934981
3.160782
3.404262
3.667274
3.951775
4.259823
4.593569
4.95525
5.347161
5.77163
6.230971
6.727422
7.263059
7.839684
8.458675
9.120798
9.825962
10.57293
11.35894
12.17932
13.02698
13.8919
14.7606
15.6157
16.4355
17.19396
17.86091
18.40288
18.78454
18.97097
18.93054
18.63841
18.08006
17.25455
16.17648
14.87646
13.3994
11.80094
10.14234
8.484818
6.884223
5.386843
4.026943
2.826043
1.793703
0.9293659
0.2247186
-0.3338656
-0.7631
-1.080984
-1.305437
-1.453379
-1.540176
-1.579363
-1.582571
-1.559588
-1.518499
-1.465869
-1.406938
-1.345821
-1.285691
-1.228943
-1.177345
-1.132167
-1.094287
-1.064288
-1.042531
-1.029225
-1.024473
-1.02832
-1.040787
-1.061894
-1.091691
-1.130266
-1.17777
-1.234419
-1.300513
-1.376435
-1.46267
-1.559801
-1.668523
-1.78965
-1.924119
-2.072999
-2.237502
-2.418986
-2.618971
-2.839141
-3.081357
-3.347661
-3.640288
-3.96166
-4.314393
-4.701286
-5.125304
-5.589551
-6.09722
-6.651532
-7.255629
-7.91244
-8.624489
-9.393646
-10.22079
-11.10539
-12.04497
-13.03443
-14.06534
-15.12501
-16.19558
-17.25317
-18.26712
-19.19971
-20.00648
-20.63757
-21.04023
-21.16293
-20.96064
-20.40108
-19.47098
-18.18099
-16.56791
-14.69327
-12.638
-10.49384
-8.353308
-6.300149
-4.401936
-2.70603
-1.238928
-0.008322905
0.9931233
1.783371
2.386785
2.830613
3.142341
3.347938
3.47083
3.531421
3.547015
3.531971
3.497982
3.454424
3.408705
3.3666
3.332555
3.30995
3.301332
3.308599
3.333168
3.376104
3.438228
3.520204
3.622614
3.746005
3.890939
4.058022
4.247925
4.461402
4.699291
4.962517
5.252083
5.56905
5.914511
6.289554
6.695215
7.132407
7.601843
8.103931
8.638645
9.205375
9.802742
10.42838
11.07871
11.74863
12.4313
13.1178
13.7969
14.45488
15.07547
15.63994
16.12746
16.51576
16.78213
16.90479
16.86459
16.64686
16.24332
15.65365
14.88655
13.95999
12.90045
11.74124
10.52001
9.275858
8.046379
6.865086
5.759526
4.750222
3.850434
3.066612
2.399342
1.844556
1.394796
1.040433
0.7706854
0.5744507
0.4409068
0.3599309
0.3223541
0.3200898
0.3461698
0.3947185
0.4608841
0.5407479
0.6312239
0.7299543
0.835211
0.9458039
1.060998
1.180441
1.304103
1.43222
1.565255
1.703861
1.848851
2.001184
2.161938
2.332312
2.513608
2.707233
2.914696
3.137608
3.37768
3.636729
3.916672
4.219525
4.547398
4.902482
5.287029
5.703324
6.153645
6.640201
7.165053
7.730009
8.336484
8.985317
9.676548
10.40914
11.18062
11.98673
12.82089
13.67377
14.53277
15.3815
16.19947
16.96191
17.63998
18.20144
18.61196
18.83711
18.84512
18.6101
18.1156
17.35775
16.34754
15.11159
13.69097
12.13808
10.51201
8.873053
7.277456
5.772989
4.39617
3.171146
2.110134
1.214982
0.4793628
-0.1088387
-0.5652979
-0.9073818
-1.152711
-1.318152
-1.419186
-1.469569
-1.48121
-1.464193
-1.4269
-1.376171
-1.317497
-1.255209
-1.192662
-1.132403
-1.076319
-1.025769
-0.9816973
-0.944725
-0.9152339
-0.8934304
-0.8794009
-0.8731555
-0.8746645
-0.8838868
-0.900793
-0.9253839
-0.9577048
-0.9978573
-1.046009
-1.102403
-1.16736
-1.241291
-1.3247
-1.418189
-1.522468
-1.638358
-1.7668
-1.908864
-2.065756
-2.238828
-2.429588
-2.639707
-2.871036
-3.125608
-3.405651
-3.713596
-4.052074
-4.423921
-4.832165
-5.280005
-5.770783
-6.307921
-6.894845
-7.534867
-8.231021
-8.985835
-9.801042
-10.67718
-11.61309
-12.60529
-13.64725
-14.72844
-15.83341
-16.94073
-18.02211
-19.04172
-19.95608
-20.7149
-21.26302
-21.54395
-21.50505
-21.1039
-20.31539
-19.13801
-17.59796
-15.74957
-13.67136
-11.458
-9.209736
-7.021234
-4.972347
-3.122153
-1.506881
-0.141232
0.9779568
1.866957
2.550348
3.05685
3.41613
3.65661
3.804146
3.881376
3.907561
3.898703
3.867851
3.825464
3.779808
3.737326
3.702975
3.680524
3.672807
3.681934
3.709471
3.756584
3.824156
3.912888
4.023367
4.15613
4.311707
4.490654
4.693571
4.921121
5.174023
5.453054
5.759028
6.092771
6.455086
6.846702
7.268211
7.719988
8.202091
8.714145
9.255194
9.823535
10.41653
11.03038
11.65991
12.29832
12.93697
13.56518
14.17011
14.73676
15.2481
15.68546
16.02915
16.25934
16.35728
16.30676
16.09564
15.71737
15.17233
14.46857
13.62203
12.65582
11.59887
10.48389
9.344949
8.215072
7.124058
6.09685
5.152549
4.304103
3.558572
2.917828
2.379498
1.938022
1.585669
1.313441
1.111813
0.9713169
0.8829361
0.8383834
0.8302545
0.8520939
0.8983994
0.9645842
1.046913
1.142421
1.248835
1.36448
1.488209
1.619324
1.757514
1.902794
2.055461
2.216051
2.385302
2.564133
2.753618
2.954969
3.169524
3.398735
3.644161
3.907456
4.190363
4.494706
4.82237
5.175289
5.555414
5.964683
6.404973
6.878034
7.385409
7.928327
8.507568
9.123293
9.774838
10.46046
11.17705
11.91979
12.6818
13.45372
14.22339
14.9755
15.69142
16.34922
16.92398
17.38851
17.71456
17.87452
17.84364
17.60256
17.13988
16.45446
15.55692
14.47
13.22756
11.87217
10.45161
9.014863
7.60806
6.271196
5.035821
3.923979
2.948293
2.11292
1.415071
0.8467648
0.3965455
0.05100299
-0.2039983
-0.3824043
-0.4973424
-0.5607411
-0.5831336
-0.5736034
-0.5398197
-0.4881328
-0.423702
-0.3506362
-0.2721366
-0.1906318
-0.1079029
-0.02519462
0.05668694
0.1372908
0.2164503
0.2942244
0.3708493
0.4466999
0.5222591
0.5980945
0.6748405
0.7531866
0.8338687
0.9176652
1.005395
1.09792
1.196146
1.30103
1.413585
1.53489
1.666098
1.808443
1.963256
2.131974
2.31615
2.517468
2.737754
2.97899
3.24332
3.533066
3.850727
4.198988
4.580714
4.998936
5.456833
5.957683
6.504813
7.101496
7.750832
8.455566
9.217852
10.03893
10.91872
11.85532
12.84433
13.87813
14.94498
16.02808
17.10466
18.14515
19.11271
19.96344
20.64743
21.11107
21.30089
21.16875
20.67823
19.81109
18.57282
16.99562
15.13779
13.07896
10.91177
8.731658
6.626659
4.669285
2.911704
1.384484
0.09834052
-0.9521711
-1.784128
-2.421802
-2.892894
-3.225668
-3.447009
-3.581277
-3.649762
-3.670554
-3.658684
-3.626407
-3.583557
-3.537907
-3.495523
-3.461075
-3.438117
-3.429323
-3.43669
-3.461705
-3.505481
-3.568872
-3.652561
-3.757138
-3.883151
-4.031153
-4.201734
-4.395544
-4.613307
-4.855824
-5.123972
-5.418694
-5.740976
-6.091821
-6.472204
-6.883021
-7.325017
-7.798699
-8.304229
-8.841285
-9.408913
-10.00533
-10.62771
-11.27194
-11.9324
-12.6016
-13.27005
-13.92595
-14.5551
-15.14091
-15.66456
-16.1055
-16.44212
-16.65291
-16.71783
-16.61998
-16.34738
-15.89467
-15.26446
-14.46808
-13.52544
-12.46413
-11.31747
-10.12213
-8.915243
-7.731821
-6.602437
-5.551686
-4.597396
-3.750593
-3.01605
-2.393254
-1.877557
-1.46137
-1.135258
-0.8888667
-0.7116586
-0.5934406
-0.5247323
-0.4969837
-0.5026797
-0.5353657
-0.5896162
-0.6609685
-0.7458365
-0.8414148
-0.9455828
-1.056812
-1.174083
-1.296806
-1.424755
-1.558013
-1.696921
-1.842039
-1.994115
-2.154055
-2.322912
-2.501864
-2.692207
-2.895347
-3.112797
-3.346171
-3.597185
-3.867653
-4.15948
-4.474661
-4.815263
-5.183414
-5.581272
-6.010992
-6.47467
-6.97428
-7.511574
-8.087965
-8.70437
-9.361012
-10.05718
-10.79092
-11.55871
-12.35504
-13.17197
-13.99868
-14.82102
-15.62114
-16.37731
-17.06395
-17.6521
-18.11036
-18.4065
-18.50966
-18.39312
-18.03744
-17.43348
-16.58494
-15.50964
-14.2394
-12.81799
-11.2976
-9.734237
-8.182693
-6.692136
-5.302735
-4.043774
-2.933252
-1.978731
-1.179
-0.5261525
-0.007709564
0.3914707
0.6876306
0.8969382
1.034683
1.114784
1.149538
1.149543
1.123747
1.07956
1.02301
0.9589118
0.8910448
0.8223103
0.7548827
0.6903423
0.6297901
0.5739474
0.5232402
0.4778691
0.4378676
0.4031487
0.3735439
0.3488328
0.3287678
0.3130919
0.3015536
0.2939166
0.2899685
0.2895256
0.2924373
0.2985886
0.3079019
0.3203381
0.3358977
0.354621
0.3765896
0.4019264
0.4307972
0.4634121
0.5000272
0.540947
0.5865271
0.6371778
0.6933679
0.7556299
0.8245649
0.9008496
0.9852426
1.078593
1.181851
1.296073
1.422438
1.56226
1.716997
1.888269
2.077871
2.287794
2.520239
2.777635
3.062654
3.378233
3.727581
4.114194
4.541851
5.014612
5.536787
6.112898
6.747594
7.445536
8.211219
9.048713
9.961312
10.95105
12.01804
13.15967
14.36953
15.63613
16.94144
18.25927
19.55373
20.77802
21.87393
22.77283
23.39846
23.67245
23.52245
22.89253
21.75442
20.11697
18.03133
15.58921
12.91366
10.14372
7.416513
4.850976
2.536489
0.5281806
-1.151652
-2.507841
-3.564654
-4.358044
-4.929118
-5.319315
-5.567319
-5.707371
-5.76865
-5.775282
-5.746765
-5.69855
-5.642684
-5.588412
-5.542724
-5.510823
-5.496511
-5.502508
-5.530714
-5.582404
-5.658399
-5.759179
-5.884984
-6.035882
-6.211812
-6.412616
-6.638051
-6.887786
-7.161389
-7.4583
-7.777793
-8.118924
-8.480472
-8.860874
-9.258139
-9.669767
-10.09266
-10.52303
-10.95633
-11.38715
-11.80919
-12.21528
-12.59734
-12.94654
-13.25344
-13.50824
-13.70114
-13.82281
-13.86481
-13.82024
-13.68427
-13.45462
-13.13204
-12.72052
-12.22728
-11.66267
-11.0396
-10.37296
-9.678815
-8.973492
-8.272765
-7.591097
-6.941045
-6.332876
-5.774377
-5.270863
-4.825335
-4.438754
-4.110383
-3.838156
-3.619036
-3.449355
-3.325101
-3.24215
-3.196461
-3.184211
-3.201889
-3.246359
-3.314887
-3.405156
-3.515257
-3.643665
-3.789222
-3.951097
-4.128754
-4.321921
-4.530548
-4.754778
-4.994904
-5.251341
-5.524586
-5.815181
-6.123671
-6.450564
-6.796284
-7.161112
-7.545128
-7.948143
-8.36962
-8.808585
-9.263533
-9.732319
-10.21205
-10.69897
-11.18835
-11.6744
-12.1502
-12.60764
-13.03752
-13.42957
-13.77273
-14.05541
-14.26597
-14.39325
-14.42726
-14.35989
-14.18561
-13.90223
-13.5113
-13.01847
-12.43345
-11.76967
-11.04359
-10.27383
-9.480025
-8.681733
-7.89734
-7.143184
-6.432909
-5.777106
-5.183214
-4.655668
-4.196207
-3.8043
-3.477626
-3.212553
-3.00458
-2.848724
-2.739837
-2.672857
-2.642989
-2.645826
-2.677429
-2.734368
-2.813725
-2.913092
-3.03054
-3.164584
-3.314151
-3.478529
-3.657335
-3.850469
-4.058076
-4.28051
-4.5183
-4.772114
-5.042728
-5.330991
-5.637789
-5.964008
-6.310491
-6.677991
-7.06711
-7.478243
-7.91149
-8.36658
-8.842756
-9.338669
-9.852243
-10.38053
-10.91958
-11.46425
-12.00812
-12.54335
-13.0606
-13.54906
-13.99653
-14.38965
-14.71427
-14.95601
-15.10094
-15.13649
-15.05239
-14.84169
-14.50163
-14.03436
-13.44731
-12.75314
-11.96921
-11.11661
-10.2189
-9.300543
-8.385406
-7.49539
-6.64933
-5.862296
-5.145275
-4.505222
-3.945389
-3.46586
-3.064183
-2.736025
-2.475789
-2.27716
-2.133548
-2.038434
-1.985627
-1.96943
-1.984746
-2.027125
-2.092777
-2.178555
-2.281917
-2.40088
-2.533972
-2.680171
-2.838858
-3.009768
-3.192939
-3.388678
-3.597517
-3.820184
-4.05757
-4.310703
-4.580721
-4.868844
-5.176346
-5.504529
-5.854683
-6.228046
-6.625756
-7.048793
-7.4979
-7.973502
-8.475592
-9.003613
-9.556302
-10.13153
-10.7261
-11.33555
-11.95395
-12.57368
-13.18526
-13.77723
-14.33614
-14.84659
-15.2916
-15.65304
-15.91243
-16.05195
-16.05566
-15.91092
-15.60979
-15.15028
-14.53726
-13.78282
-12.90596
-11.93157
-10.88882
-9.809114
-8.723829
-7.662269
-6.649931
-5.707331
-4.849432
-4.085634
-3.420214
-2.853081
-2.380689
-1.996981
-1.69427
-1.464002
-1.297364
-1.18574
-1.121039
-1.095898
-1.103792
-1.139076
-1.196974
-1.273541
-1.365597
-1.470657
-1.586852
-1.712855
-1.847811
-1.991274
-2.143144
-2.303624
-2.473174
-2.652475
-2.842397
-3.043981
-3.25841
-3.487
-3.731179
-3.992481
-4.272524
-4.573006
-4.895678
-5.24233
-5.614763
-6.014748
-6.443982
-6.904029
-7.396233
-7.921625
-8.480789
-9.073711
-9.699584
-10.35658
-11.04159
-11.74992
-12.47498
-13.20793
-13.93737
-14.64912
-15.32601
-15.94798
-16.49235
-16.93448
-17.24882
-17.41042
-17.39685
-17.19036
-16.78013
-16.1643
-15.3513
-14.36031
-13.2205
-11.96913
-10.64867
-9.303315
-7.975526
-6.702952
-5.516232
-4.437784
-3.481617
-2.653942
-1.954356
-1.377311
-0.9136286
-0.5518939
-0.2796234
-0.08417535
0.0465998
0.12393
0.1578778
0.1572337
0.1295066
0.08098132
0.01681294
-0.05885695
-0.1427772
-0.2324658
-0.326096
-0.4223923
-0.5205387
-0.6200985
-0.7209463
-0.8232111
-0.9272291
-1.033507
-1.14269
-1.255541
-1.372926
-1.495797
-1.62519
-1.762221
-1.908084
-2.064053
-2.231491
-2.41185
-2.606683
-2.817648
-3.046519
-3.295191
-3.565687
-3.860163
-4.180906
-4.530334
-4.910981
-5.325481
-5.776532
-6.266851
-6.799102
-7.375797
-7.999169
-8.670987
-9.392333
-10.16331
-10.98265
-11.84731
-12.75189
-13.68803
-14.64375
-15.60274
-16.54378
-17.44022
-18.25995
-18.96577
-19.51659
-19.86952
-19.98301
-19.82092
-19.3572
-18.58045
-17.49764
-16.13598
-14.54213
-12.77869
-10.91829
-9.036248
-7.203221
-5.47914
-3.909272
-2.522721
-1.333126
-0.3409094
0.4636405
1.097123
1.58008
1.934602
2.182576
2.344512
2.438877
2.48179
2.486976
2.465884
2.427892
2.380561
2.329899
2.280604
2.236304
2.199758
2.173034
2.157666
2.154781
2.165206
2.189566
2.228347
2.281966
2.350818
2.435312
2.535908
2.653144
2.787651
2.940174
3.111582
3.302881
3.515215
3.749876
4.0083
4.292065
4.602883
4.942589
5.313113
5.716457
6.154646
6.629669
7.1434
7.69749
8.293232
8.93138
9.611934
10.33386
11.09476
11.89049
12.71471
13.55839
14.40933
15.25167
16.06555
16.8269
17.50766
18.07633
18.49925
18.74244
18.77426
18.5685
18.10787
17.38711
16.41535
15.21706
13.83106
12.30778
10.70478
9.081496
7.494017
5.990621
4.608837
3.374126
2.30012
1.390023
0.6386892
0.03494659
-0.4361848
-0.791606
-1.048667
-1.224117
-1.333427
-1.390422
-1.407123
-1.393751
-1.358827
-1.309331
-1.250884
-1.18793
-1.123922
-1.061489
-1.002584
-0.9486143
-0.9005583
-0.859059
-0.8245057
-0.7971013
-0.7769176
-0.7639404
-0.7581058
-0.7593295
-0.7675298
-0.7826463
-0.8046543
-0.8335762
-0.8694908
-0.9125405
-0.9629384
-1.020973
-1.087014
-1.161518
-1.245031
-1.338198
-1.441767
-1.556597
-1.683664
-1.82407
-1.979053
-2.149996
-2.33844
-2.546092
-2.774836
-3.026747
-3.304102
-3.609382
-3.945284
-4.31472
-4.720809
-5.166862
-5.65635
-6.192858
-6.780004
-7.421328
-8.120137
-8.879279
-9.700854
-10.58582
-11.5335
-12.54091
-13.60204
-14.70687
-15.84037
-16.98138
-18.10158
-19.16474
-20.12643
-20.93465
-21.53181
-21.85816
-21.85716
-21.48221
-20.7043
-19.51899
-17.95117
-16.05593
-13.91472
-11.62698
-9.298682
-7.030373
-4.906983
-2.991307
-1.321687
0.08656838
1.2372
2.147837
2.844798
3.358636
3.720726
3.960969
4.106424
4.180668
4.203662
4.191917
4.158831
4.115101
4.069141
4.027483
3.99513
3.97587
3.972534
3.987222
4.021479
4.076447
4.152982
4.251753
4.373314
4.518158
4.686768
4.879638
5.097294
5.340299
5.609252
5.904773
6.227479
6.577948
6.956673
7.364
7.80005
8.264626
8.757102
9.276286
9.820265
10.38624
10.97031
11.56732
12.17059
12.77178
13.36074
13.9254
14.4518
14.9243
15.32589
15.6388
15.84532
15.92887
15.87525
15.67395
15.31953
14.8126
14.16054
13.37761
12.48435
11.50644
10.47295
9.414325
8.360281
7.337938
6.370345
5.475564
4.666296
3.950025
3.329547
2.803735
2.36843
2.017322
1.742759
1.536426
1.38989
1.294998
1.244156
1.230498
1.247972
1.291375
1.356329
1.439239
1.537231
1.648085
1.770158
1.902316
2.043871
2.194512
2.354263
2.523429
2.702558
2.892408
3.093921
3.308195
3.536468
3.780098
4.040549
4.319376
4.618207
4.938727
5.282654
5.651708
6.047579
6.471875
6.926063
7.41139
7.928784
8.478728
9.061114
9.675051
10.31866
10.9888
11.68082
12.38822
13.10237
13.81221
14.50399
15.16122
15.76464
16.29258
16.72154
17.02725
17.18602
17.17655
16.98197
16.59196
16.00452
15.22736
14.27827
13.18447
11.98095
10.70774
9.406809
8.118731
6.87984
5.720061
4.661696
3.719124
2.899286
2.202731
1.624947
1.157778
0.7907398
0.5121558
0.3100458
0.1727803
0.08952261
0.05049406
0.04709794
0.07194939
0.1188374
0.1826432
0.2592373
0.3453661
0.4385384
0.5369168
0.6392185
0.7446262
0.8527107
0.9633642
1.076744
1.193228
1.313376
1.437901
1.567644
1.703564
1.84672
1.998267
2.159454
2.33162
2.516199
2.714719
2.928814
3.160221
3.410791
3.682487
3.977391
4.297699
4.645714
5.023835
5.434535
5.880321
6.363691
6.887057
7.45265
8.062389
8.717705
9.419325
10.16699
10.9591
11.79232
12.66105
13.55691
14.46811
15.37886
16.26889
17.11305
17.88133
18.53931
19.04932
19.37235
19.47093
19.31273
18.87464
18.14675
17.13556
15.86555
14.37853
12.73066
10.98733
9.216841
7.483964
5.844494
4.341563
3.004034
1.846825
0.8726572
0.0746357
-0.5609214
-1.051831
-1.417822
-1.678855
-1.853951
-1.960474
-2.013774
-2.027062
-2.011467
-1.97619
-1.928711
-1.875015
-1.819812
-1.766757
-1.718633
-1.677529
-1.644978
-1.622085
-1.609638
-1.608187
-1.618125
-1.639743
-1.673284
-1.718979
-1.77708
-1.84789
-1.931781
-2.029214
-2.140751
-2.26707
-2.408974
-2.5674
-2.743428
-2.938288
-3.153365
-3.390204
-3.650512
-3.936161
-4.249182
-4.59176
-4.966215
-5.374984
-5.820583
-6.305554
-6.832395
-7.403458
-8.020817
-8.686091
-9.400218
-10.16316
-10.97353
-11.82818
-12.72165
-13.64557
-14.58803
-15.53288
-16.4592
-17.34081
-18.14623
-18.83909
-19.37933
-19.72518
-19.83626
-19.67749
-19.22357
-18.46342
-17.40373
-16.07072
-14.5095
-12.78068
-10.95469
-9.104774
-7.299955
-5.59907
-4.046914
-2.672679
-1.490521
-0.5016519
0.302738
0.9383482
1.424905
1.783815
2.036416
2.202812
2.301176
2.347434
2.355189
2.335821
2.298679
2.251318
2.199755
2.148704
2.101811
2.061851
2.030903
2.010507
2.001788
2.005567
2.022448
2.052897
2.097296
2.155999
2.229371
2.317817
2.421811
2.54192
2.678815
2.833289
3.006268
3.198817
3.412147
3.647619
3.906745
4.191186
4.502742
4.843346
5.215039
5.619941
6.060214
6.538001
7.055347
7.614096
8.215755
8.861316
9.55103
10.28413
11.05851
11.87027
12.71331
13.57879
14.45456
15.3247
16.16903
16.96293
17.67743
18.27975
18.73452
19.00575
19.0595
18.86727
18.40968
17.67993
16.68651
15.45425
14.02354
12.4473
10.78636
9.103646
7.458596
5.902269
4.474177
3.200888
2.096325
1.16332
0.3958961
-0.2182068
-0.6951503
-1.052986
-1.310105
-1.484153
-1.591338
-1.646069
-1.660817
-1.646144
-1.61082
-1.562005
-1.505447
-1.445684
-1.386237
-1.329788
-1.278337
-1.233336
-1.195813
-1.166466
-1.145751
-1.133949
-1.131224
-1.137672
-1.153354
-1.178333
-1.212692
-1.25656
-1.310125
-1.373647
-1.44747
-1.532034
-1.627878
-1.735652
-1.856123
-1.990186
-2.138864
-2.303326
-2.484884
-2.685012
-2.905347
-3.147697
-3.41405
-3.706579
-4.02764
-4.379773
-4.76569
-5.188258
-5.650469
-6.15539
-6.706096
-7.305564
-7.956541
-8.661346
-9.421628
-10.23803
-11.1098
-12.03421
-13.00601
-14.01663
-15.05335
-16.0985
-17.12856
-18.11358
-19.01691
-19.79559
-20.40166
-20.78471
-20.89566
-20.69191
-20.14315
-19.23722
-17.98461
-16.4206
-14.60383
-12.61131
-10.53046
-8.449661
-6.449328
-4.594843
-2.932628
-1.489346
-0.2736879
0.7201941
1.508581
2.114198
2.562833
2.88077
3.09304
3.222375
3.288698
3.308997
3.297436
3.265609
3.222844
3.176551
3.132525
3.095242
3.06812
3.053735
3.054017
3.070405
3.103978
3.155565
3.225834
3.315362
3.424689
3.554369
3.704998
3.877246
4.071868
4.289718
4.531755
4.799038
5.092717
5.414015
5.764206
6.144574
6.55637
7.000741
7.478654
7.990792
8.537421
9.118238
9.732176
10.37718
11.04995
11.74564
12.45755
13.17681
13.89208
14.58929
15.25154
15.85913
16.38989
16.81981
17.12408
17.27855
17.26155
17.05605
16.65173
16.04694
15.24996
14.27942
13.16357
11.93847
10.6452
9.326614
8.02391
6.773769
5.606173
4.543227
3.598928
2.779728
2.085631
1.511588
1.048953
0.6868286
0.4131991
0.215826
0.08289341
0.003441118
-0.03238883
-0.0332332
-0.006489639
0.04163494
0.1060387
0.1826153
0.2681366
0.3601362
0.4567989
0.5568605
0.6595171
0.7643476
0.8712465
0.9803681
1.09208
1.206927
1.325601
1.448918
1.577802
1.713278
1.856457
2.008541
2.170818
2.344665
2.531553
2.733052
2.950836
3.186692
3.442521
3.720346
4.022313
4.350687
4.707848
5.096272
5.518511
5.977153
6.474765
7.013817
7.596576
8.224961
8.900355
9.623365
10.39352
11.20888
12.06561
12.95742
13.87498
14.80531
15.73112
16.63031
17.4757
18.23505
18.87171
19.34605
19.61768
19.64869
19.40764
18.87387
18.04159
16.92286
15.54857
13.96713
12.24049
10.43826
8.630909
6.883168
5.248828
3.767588
2.464107
1.348981
0.4209458
-0.3302205
-0.920735
-1.370169
-1.699322
-1.928672
-2.077347
-2.162547
-2.199276
-2.200312
-2.176321
-2.136045
-2.086536
-2.033395
-1.981005
-1.93274
-1.891161
-1.858177
-1.83519
-1.823215
-1.822983
-1.835026
-1.859744
-1.897462
-1.948482
-2.013114
-2.091713
-2.184698
-2.292578
-2.415965
-2.555586
-2.712302
-2.887106
-3.08114
-3.295696
-3.532221
-3.792318
-4.077747
-4.390414
-4.732369
-5.105781
-5.512918
-5.956099
-6.437651
-6.95982
-7.524677
-8.133981
-8.788996
-9.490272
-10.23736
-11.02844
-11.85993
-12.726
-13.61794
-14.52369
-15.42716
-16.30777
-17.14016
-17.89418
-18.53541
-19.02638
-19.32858
-19.40529
-19.22521
-18.76651
-18.0207
-16.99567
-15.71704
-14.22739
-12.58307
-10.84911
-9.092912
-7.377987
-5.758707
-4.276793
-2.959883
-1.821944
-0.8650609
-0.08200254
0.5410039
1.021683
1.379556
1.634308
1.804661
1.907687
1.958459
1.969947
1.953072
1.91686
1.868644
1.814289
1.758413
1.704591
1.655547
1.613317
1.579393
1.554848
1.540439
1.536692
1.543974
1.562554
1.59265
1.634469
1.688239
1.754234
1.832794
1.924348
2.02942
2.148648
2.282792
2.432744
2.599532
2.784335
2.988484
3.213469
3.460942
3.732723
4.030797
4.357309
4.714557
5.104972
5.531092
5.995521
6.50087
7.049672
7.64427
8.286666
8.97832
9.719894
10.51093
11.34942
12.23137
13.15017
14.09598
15.05506
16.00905
16.93443
17.80222
18.57803
19.2228
19.69435
19.94991
19.9497
19.66129
19.06433
18.15491
16.94855
15.48101
13.80635
11.99231
10.11355
8.244263
6.451173
4.788286
3.294008
1.99066
0.8858969
-0.02458201
-0.7538155
-1.320418
-1.745846
-2.052284
-2.261143
-2.392119
-2.462698
-2.487971
-2.48067
-2.451332
-2.408528
-2.359123
-2.308539
-2.260988
-2.219706
-2.187135
-2.165099
-2.154942
-2.157653
-2.173961
-2.204425
-2.249494
-2.30957
-2.38505
-2.476361
-2.583994
-2.708524
-2.850629
-3.011105
-3.190879
-3.391016
-3.612722
-3.857351
-4.126399
-4.421505
-4.744434
-5.097064
-5.481362
-5.899344
-6.35303
-6.844369
-7.375155
-7.946906
-8.560707
-9.217021
-9.91544
-10.65439
-11.43079
-12.2396
-13.0734
-13.92187
-14.77128
-15.60412
-16.39872
-17.12928
-17.76614
-18.27671
-18.62691
-18.78341
-18.71648
-18.40332
-17.8314
-17.0014
-15.92901
-14.64503
-13.19372
-11.62913
-10.01031
-8.395862
-6.839011
-5.383709
-4.062387
-2.89534
-1.891526
-1.050303
-0.3636696
0.181428
0.6009982
0.9122881
1.132495
1.277887
1.363261
1.401678
1.404384
1.380856
1.338936
1.285
1.224143
1.160365
1.096747
1.035612
0.9786652
0.9271176
0.8817931
0.8432171
0.8116921
0.7873586
0.7702466
0.7603167
0.7574929
0.7616894
0.7728315
0.7908723
0.8158058
0.8476772
0.8865916
0.9327207
0.9863088
1.047678
1.117235
1.195472
1.282978
1.38044
1.488652
1.608522
1.741077
1.887477
2.049019
2.227153
2.423486
2.6398
2.87806
3.140423
3.429252
3.747119
4.096813
4.481335
4.903886
5.367851
5.876758
6.434216
7.043826
7.709055
8.433044
9.21837
10.06671
10.97839
11.95185
12.98294
14.06407
15.18324
16.32295
17.45916
18.56027
19.58656
20.49026
21.2167
21.70683
21.9015
21.74745
21.2046
20.25352
18.90179
17.18717
15.17668
12.96062
10.64267
8.327952
6.111481
4.069404
2.254235
0.6942386
-0.6039025
-1.650456
-2.467334
-3.083134
-3.529107
-3.836231
-4.033326
-4.146028
-4.196386
-4.202872
-4.180636
-4.141884
-4.0963
-4.051456
-4.013198
-3.985981
-3.973158
-3.977228
-4.000035
-4.04294
-4.106949
-4.192828
-4.301189
-4.432555
-4.587409
-4.766238
-4.969546
-5.197875
-5.451805
-5.731943
-6.038913
-6.373319
-6.735709
-7.12652
-7.546014
-7.994189
-8.470678
-8.974633
-9.504573
-10.05823
-10.63237
-11.22257
-11.82306
-12.42647
-13.02372
-13.60384
-14.15395
-14.65935
-15.10376
-15.46977
-15.73952
-15.89566
-15.92245
-15.8071
-15.54111
-15.1215
-14.55171
-13.84206
-13.00957
-12.07716
-11.07215
-10.02446
-8.964466
-7.920974
-6.919522
-5.981115
-5.121547
-4.351261
-3.675668
-3.095796
-2.609124
-2.210476
-1.892882
-1.648338
-1.468422
-1.344785
-1.269484
-1.23522
-1.235468
-1.264537
-1.31758
-1.390556
-1.480188
-1.583889
-1.699691
-1.826178
-1.962411
-2.107871
-2.262395
-2.42613
-2.599491
-2.783118
-2.977851
-3.1847
-3.404825
-3.639516
-3.89018
-4.15832
-4.445524
-4.753447
-5.08379
-5.438276
-5.818616
-6.226471
-6.663396
-7.130774
-7.629727
-8.161008
-8.724866
-9.32088
-9.947762
-10.60312
-11.28322
-11.98263
-12.69399
-13.40765
-14.11142
-14.79041
-15.42689
-16.00053
-16.4888
-16.86772
-17.11307
-17.20198
-17.1148
-16.83722
-16.3623
-15.69209
-14.83862
-13.82387
-12.67865
-11.44046
-10.15056
-8.850685
-7.579896
-6.371976
-5.253666
-4.243851
-3.353622
-2.587033
-1.942293
-1.413163
-0.990342
-0.6627162
-0.4183869
-0.2454623
-0.1326146
-0.06944179
-0.04666369
-0.05620685
-0.09119917
-0.1459106
-0.215661
-0.296711
-0.3861482
-0.4817752
-0.582004
-0.6857622
-0.7924079
-0.9016575
-1.013524
-1.128264
-1.246338
-1.368375
-1.495146
-1.627546
-1.766577
-1.913342
-2.069037
-2.234951
-2.412462
-2.603048
-2.808282
-3.029842
-3.269516
-3.529203
-3.810918
-4.116794
-4.449074
-4.810106
-5.202323
-5.628217
-6.090298
-6.591033
-7.132767
-7.717609
-8.347282
-9.022937
-9.744897
-10.51236
-11.323
-12.17255
-13.05425
-13.95828
-14.87116
-15.77518
-16.64793
-17.4621
-18.18567
-18.7826
-19.21435
-19.44223
-19.4306
-19.15069
-18.58481
-17.73
-16.60065
-15.2291
-13.66402
-11.96631
-10.20341
-8.442771
-6.745735
-5.162798
-3.730836
-2.472402
-1.396748
-0.5020055
0.2220515
0.7912214
1.224393
1.541559
1.762366
1.905155
1.986423
2.020567
2.01986
1.994553
1.953056
1.902158
1.847251
1.792555
1.741315
1.695988
1.658399
1.629879
1.611379
1.603571
1.606928
1.621789
1.648418
1.687046
1.737908
1.801275
1.877476
1.966918
2.070102
2.187638
2.320255
2.46881
2.634302
2.81787
3.02081
3.244572
3.490771
3.761183
4.057746
4.382559
4.737866
5.126043
5.549566
6.010973
6.512803
7.057513
7.647366
8.284281
8.969638
9.704021
10.4869
11.31624
12.18802
13.09567
14.02948
14.97587
15.91682
16.82929
17.68489
18.45004
19.08662
19.55352
19.80905
19.8144
19.53785
18.95933
18.07461
16.89827
15.4645
13.82533
12.04628
10.19991
8.358683
6.588183
4.94193
3.458457
2.160668
1.057118
0.1445231
-0.5891428
-1.161583
-1.593499
-1.906483
-2.12151
-2.257982
-2.333197
-2.362145
-2.35751
-2.329829
-2.287692
-2.238
-2.186211
-2.136581
-2.092377
-2.05607
-2.029505
-2.014037
-2.010658
-2.02009
-2.042875
-2.079439
-2.130152
-2.195367
-2.275466
-2.370883
-2.482132
-2.609823
-2.75468
-2.917553
-3.09943
-3.301439
-3.524856
-3.771109
-4.041775
-4.338576
-4.663372
-5.01814
-5.404958
-5.825964
-6.283311
-6.779098
-7.315281
-7.893555
-8.515197
-9.180872
-9.890382
-10.64236
-11.43391
-12.26015
-13.11376
-13.98441
-14.85826
-15.71746
-16.53981
-17.29865
-17.9632
-18.49936
-18.8713
-19.04373
-18.98493
-18.67032
-18.08609
-17.23239
-16.12528
-14.79704
-13.29425
-11.67402
-9.998676
-8.329988
-6.723821
-5.226002
-3.869986
-2.676286
-1.653414
-0.7998282
-0.1063729
0.4412372
0.8601966
1.168815
1.385187
1.526305
1.607528
1.64234
1.642289
1.617066
1.574656
1.521527
1.462833
1.40261
1.343965
1.289241
1.240165
1.197974
1.163529
1.137402
1.119956
1.111406
1.111874
1.121428
1.140118
1.168006
1.205184
1.251795
