-3.725784
-3.852244
-3.997302
-4.161252
-4.344483
-4.547459
-4.770704
-5.014773
-5.280222
-5.56757
-5.877257
-6.209585
-6.564658
-6.942299
-7.341969
-7.762662
-8.202794
-8.660084
-9.131436
-9.612815
-10.09915
-10.58427
-11.06087
-11.52055
-11.95398
-12.35108
-12.70139
-12.99452
-13.22066
-13.37118
-13.43922
-13.42016
-13.31208
-13.11592
-12.83553
-12.47742
-12.05041
-11.56507
-11.0331
-10.46669
-9.877968
-9.278435
-8.678625
-8.087814
-7.513874
-6.963223
-6.440858
-5.950451
-5.494483
-5.074399
-4.690772
-4.343468
-4.031791
-3.754628
-3.510569
-3.298008
-3.115234
-2.960499
-2.832081
-2.728324
-2.647674
-2.588707
-2.550143
-2.530858
-2.529896
-2.546466
-2.579948
-2.629887
-2.695993
-2.778136
-2.876342
-2.990783
-3.121779
-3.269781
-3.435372
-3.619252
-3.822227
-4.0452
-4.289144
-4.555088
-4.844084
-5.15717
-5.495325
-5.85941
-6.250093
-6.667763
-7.112419
-7.583545
-8.079959
-8.599649
-9.139591
-9.69557
-10.262
-10.83177
-11.39618
-11.94491
-12.46614
-12.94684
-13.37319
-13.7312
-14.0075
-14.19018
-14.26974
-14.23983
-14.09791
-13.84552
-13.4883
-13.03561
-12.49987
-11.8957
-11.23896
-10.54583
-9.831937
-9.11175
-8.398064
-7.701739
-7.031599
-6.394454
-5.795238
-5.237199
-4.722135
-4.25063
-3.822292
-3.435972
-3.089956
-2.782136
-2.510152
-2.271508
-2.063665
-1.884115
-1.730437
-1.600336
-1.491673
-1.402481
-1.330977
-1.275569
-1.234849
-1.207597
-1.19277
-1.189496
-1.197069
-1.214939
-1.242701
-1.280094
-1.326991
-1.383393
-1.449425
-1.525334
-1.611485
-1.70836
-1.816558
-1.936796
-2.069908
-2.216849
-2.378699
-2.556658
-2.752053
-2.966336
-3.201082
-3.457984
-3.738839
-4.045537
-4.38003
-4.7443
-5.140302
-5.569892
-6.034736
-6.536176
-7.075074
-7.65161
-8.265031
-8.913358
-9.593061
-10.29869
-11.02251
-11.75418
-12.48052
-13.18545
-13.85016
-14.45365
-14.97361
-15.38772
-15.67527
-15.81895
-15.80651
-15.63216
-15.29734
-14.81074
-14.18761
-13.44838
-12.61689
-11.71857
-10.7786
-9.820506
-8.86514
-7.930036
-7.029195
-6.173143
-5.369197
-4.621858
-3.933253
-3.303588
-2.731568
-2.214776
-1.75
-1.333497
-0.9612178
-0.6289714
-0.3325592
-0.06786984
0.1690528
0.3819649
0.5743963
0.7496378
0.91074
1.06052
1.201575
1.336299
1.466899
1.595422
1.723775
1.853744
1.987017
2.125209
2.269877
2.422537
2.584686
2.757813
2.943412
3.142992
3.358084
3.590245
3.841054
4.112109
4.405008
4.721332
5.062609
5.430266
5.825575
6.249564
6.702921
7.18587
7.698013
8.238156
8.804104
9.39244
9.998295
10.61513
11.23455
11.8462
12.43781
12.99528
13.50316
13.94519
14.30512
14.56779
14.7202
14.75258
14.65939
14.43986
14.09823
13.64347
13.08864
12.44987
11.74522
10.99348
10.21308
9.421199
8.633133
7.8619
7.118077
6.409819
5.743012
5.121508
4.547412
4.021374
3.542879
3.110512
2.722197
2.375393
2.067265
1.794825
1.555032
1.344882
1.161469
1.002026
0.8639569
0.7448567
0.6425166
0.5549278
0.4802778
0.4169428
0.363478
0.3186056
0.2812026
0.2502874
0.2250074
0.2046264
0.1885126
0.176128
0.1670177
0.1608011
0.1571638
0.1558496
0.1566548
0.1594219
0.1640355
0.1704179
0.1785256
0.1883471
0.1999006
0.2132323
0.2284158
0.2455515
0.2647665
0.2862151
0.3100799
0.336573
0.3659378
0.3984513
0.4344269
0.4742172
0.5182185
0.5668741
0.6206799
0.6801894
0.7460201
0.8188599
0.899475
0.9887183
1.087538
1.196989
1.31824
1.452592
1.601483
1.766505
1.949418
2.15216
2.37686
2.62585
2.90167
3.20707
3.545008
3.918628
4.331233
4.786223
5.287017
5.836924
6.43896
7.095606
7.808475
8.577877
9.402284
10.27767
11.19674
12.14817
13.11577
14.07794
15.0074
15.87159
16.63383
17.25554
17.69932
17.9327
17.93207
17.68579
17.19612
16.47922
15.56334
14.48555
13.28776
12.01271
10.70069
9.387127
8.101257
6.865715
5.696775
4.605025
3.596262
2.672423
1.832486
1.073253
0.3900148
-0.222916
-0.7717837
-1.263076
-1.703288
-2.098753
-2.455534
-2.779345
-3.075513
-3.348958
-3.604187
-3.845305
-4.076028
-4.299708
-4.519346
-4.737625
-4.956921
-5.179325
-5.406658
-5.640479
-5.882091
-6.132542
-6.392615
-6.662823
-6.943387
-7.234216
-7.534879
-7.844577
-8.162108
-8.485837
-8.813667
-9.143019
-9.470818
-9.793503
-10.10705
-10.40702
-10.68866
-10.94698
-11.17694
-11.37359
-11.53228
-11.64886
-11.7199
-11.74287
-11.71628
-11.63983
-11.51441
-11.34211
-11.12615
-10.87073
-10.58087
-10.26214
-9.920515
-9.562098
-9.192923
-8.818783
-8.445076
-8.076702
-7.717992
-7.372669
-7.043844
-6.734033
-6.445195
-6.178782
-5.935796
-5.716852
-5.522239
-5.351986
-5.205911
-5.083681
-4.98485
-4.908906
-4.855302
-4.823485
-4.812917
-4.823093
-4.853555
-4.903898
-4.973775
-5.062896
-5.171026
-5.297975
-5.443589
-5.607735
-5.79028
-5.991073
-6.209912
-6.446518
-6.700494
-6.971287
-7.258141
-7.560049
-7.875696
-8.203409
-8.541101
-8.886221
-9.235712
-9.585983
-9.932897
-10.27179
-10.5975
-10.90449
-11.18693
-11.43888
-11.6545
-11.82827
-11.95528
-12.03141
-12.05366
-12.02024
-11.9308
-11.78641
-11.58958
-11.34416
-11.05513
-10.72838
-10.37047
-9.988334
-9.588978
-9.179279
-8.765751
-8.35439
-7.950557
-7.558911
-7.183379
-6.827167
-6.49279
-6.182131
-5.896506
-5.636738
-5.403233
-5.196059
-5.015013
-4.859686
-4.729526
-4.623885
-4.542065
-4.483352
-4.447049
-4.432498
-4.439098
-4.466319
-4.513707
-4.580894
-4.667592
-4.773594
-4.898765
-5.043033
-5.206376
-5.3888
-5.590324
-5.81095
-6.050631
-6.309237
-6.586515
-6.882034
-7.195136
-7.524879
-7.869963
-8.228671
-8.598798
-8.977585
-9.361663
-9.747012
-10.12894
-10.5021
-10.86054
-11.19779
-11.50703
-11.7813
-12.01376
-12.19794
-12.32814
-12.3997
-12.40928
-12.35513
-12.23721
-12.05727
-11.81873
-11.5266
-11.18716
-10.80769
-10.39608
-9.960529
-9.509191
-9.049884
-8.58987
-8.135682
-7.693024
-7.266716
-6.860693
-6.47804
-6.121058
-5.791339
-5.489866
-5.217099
-4.973076
-4.757499
-4.569813
-4.409285
-4.27506
-4.166222
-4.081834
-4.020979
-3.982789
-3.966465
-3.971297
-3.996676
-4.042099
-4.107175
-4.191624
-4.295273
-4.418052
-4.559983
-4.721166
-4.901769
-5.102004
-5.322102
-5.56229
-5.822753
-6.103594
-6.404788
-6.726124
-7.067146
-7.427074
-7.804733
-8.198463
-8.606031
-9.024545
-9.450375
-9.879084
-10.30539
-10.72318
-11.12553
-11.50483
-11.85298
-12.16162
-12.42246
-12.6277
-12.77039
-12.84491
-12.84729
-12.77556
-12.62993
-12.41277
-12.12862
-11.78386
-11.3864
-10.94523
-10.46999
-9.970519
-9.45641
-8.936711
-8.41965
-7.912465
-7.421309
-6.951223
-6.506171
-6.089108
-5.702079
-5.346339
-5.022468
-4.730495
-4.470013
-4.24028
-4.040319
-3.868992
-3.725075
-3.607311
-3.514463
-3.445345
-3.398854
-3.373993
-3.369887
-3.385789
-3.421093
-3.475334
-3.548187
-3.639465
-3.749116
-3.877215
-4.023953
-4.18963
-4.374636
-4.579438
-4.804556
-5.05054
-5.317935
-5.607247
-5.918895
-6.253153
-6.61009
-6.989486
-7.390749
-7.812807
-8.254
-8.711964
-9.183502
-9.664477
-10.14971
-10.63292
-11.1067
-11.56258
-11.99116
-12.38235
-12.72573
-13.01099
-13.22848
-13.36978
-13.42828
-13.39967
-13.28235
-13.07756
-12.78944
-12.42473
-11.99243
-11.5032
-10.96875
-10.40126
-9.812741
-9.214564
-8.617102
-8.029454
-7.459317
-6.912941
-6.395171
-5.909546
-5.458432
-5.043183
-4.664299
-4.321592
-4.014329
-3.741375
-3.501305
-3.292513
-3.113293
-2.96191
-2.836656
-2.735896
-2.658098
-2.601859
-2.565925
-2.549196
-2.550741
-2.569792
-2.605753
-2.658193
-2.726843
-2.811595
-2.912494
-3.029734
-3.16365
-3.314713
-3.483518
-3.670778
-3.877311
-4.104022
-4.351889
-4.621935
-4.915201
-5.232704
-5.575392
-5.944078
-6.339367
-6.761566
-7.210565
-7.685715
-8.185668
-8.708216
-9.250107
-9.806866
-10.37262
-10.93998
-11.49994
-12.04192
-12.5539
-13.02272
-13.43455
-13.77558
-14.03273
-14.19461
-14.25235
-14.20038
-14.03695
-13.76445
-13.38923
-12.92125
-12.37335
-11.76036
-11.09817
-10.4028
-9.689625
-8.972724
-8.264472
-7.575292
-6.913579
-6.285751
-5.696391
-5.148454
-4.643495
-4.181908
-3.763157
-3.385993
-3.048636
-2.74894
-2.484535
-2.252929
-2.051607
-1.87809
-1.73
-1.605084
-1.501252
-1.416589
-1.349361
-1.298025
-1.261226
-1.237789
-1.226721
-1.227196
-1.238552
-1.260283
-1.29203
-1.333573
-1.384829
-1.445841
-1.516781
-1.597939
-1.689727
-1.792675
-1.907432
-2.034764
-2.17556
-2.330831
-2.501709
-2.689453
-2.895445
-3.121191
-3.368316
-3.638554
-3.933737
-4.255767
-4.606592
-4.988153
-5.402325
-5.850828
-6.335118
-6.85624
-7.414644
-8.009963
-8.640736
-9.304102
-9.995454
-10.70807
-11.4328
-12.15775
-12.86819
-13.5466
-14.17305
-14.72593
-15.18306
-15.52316
-15.72753
-15.78183
-15.67754
-15.413
-14.99378
-14.43225
-13.74656
-12.95899
-12.09417
-11.17724
-10.23231
-9.281242
-8.342861
-7.432583
-6.562341
-5.740774
-4.973557
-4.263823
-3.612607
-3.019277
-2.481925
-1.997715
-1.563172
-1.174417
-0.8273641
-0.5178576
-0.2417894
0.004824886
0.2257905
0.4246993
0.6049113
0.7695482
0.9214968
1.063419
1.197765
1.326796
1.452598
1.57711
1.702141
1.829392
1.960482
2.096962
2.240336
2.392082
2.553664
2.726546
2.912207
3.112148
3.327901
3.561027
3.81312
4.085795
4.380679
4.69938
5.043462
5.414393
5.813484
6.241807
6.700088
7.188585
7.706924
8.253918
8.827354
9.423765
10.03819
10.66394
11.29243
11.91304
12.51313
13.07823
13.59243
14.03901
14.40129
14.66372
14.81302
14.83935
14.7372
14.50607
14.1506
13.68032
13.10891
12.45314
11.73166
10.96378
10.16833
9.362774
8.562584
7.780836
7.028084
6.312393
5.639514
5.013138
4.435191
3.906144
3.42531
2.99111
2.601317
2.253255
1.94397
1.670364
1.429307
1.217712
1.032598
0.871137
0.7306753
0.6087539
0.5031153
0.4117036
0.3326596
0.2643122
0.2051677
0.1538965
0.1093201
0.07039672
0.03620765
0.005943854
-0.02110687
-0.04557193
-0.06800517
-0.08889727
-0.1086852
-0.1277611
-0.14648
-0.1651672
-0.1841249
-0.2036383
-0.2239811
-0.2454207
-0.268223
-0.2926573
-0.3190004
-0.3475411
-0.3785846
-0.4124566
-0.4495081
-0.4901195
-0.534706
-0.5837225
-0.637669
-0.6970965
-0.7626138
-0.8348941
-0.9146825
-1.002805
-1.100175
-1.207808
-1.326825
-1.45847
-1.604118
-1.765288
-1.943655
-2.141065
-2.359542
-2.6013
-2.868751
-3.164506
-3.491371
-3.852332
-4.250529
-4.689202
-5.171622
-5.700974
-6.2802
-6.911776
-7.597422
-8.337709
-9.131582
-9.975757
-10.86404
-11.78659
-12.72914
-13.67243
-14.59185
-15.45763
-16.23571
-16.88952
-17.38264
-17.68215
-17.76232
-17.60786
-17.21616
-16.59799
-15.77633
-14.78382
-13.65921
-12.44348
-11.17649
-9.894326
-8.62763
-7.400877
-6.232336
-5.13455
-4.115095
-3.177458
-2.3219
-1.546255
-0.8466139
-0.2178892
0.3457336
0.8504479
1.302564
1.708319
2.073743
2.404568
2.706175
2.983565
3.241346
3.483738
3.714584
3.93737
4.155242
4.371033
4.58728
4.806245
5.029935
5.260106
5.498282
5.745746
6.003545
6.27248
6.553084
6.845609
7.14999
7.465818
7.792296
8.128201
8.471844
8.821027
9.173013
9.524506
9.871647
10.21003
10.53477
10.84055
11.1218
11.37279
11.58792
11.76184
11.88979
11.9678
11.99291
11.9634
11.87886
11.74031
11.55015
11.31207
11.03087
10.71228
10.36265
9.988741
9.597397
9.195356
8.789021
8.384305
7.986517
7.600284
7.229529
6.877471
6.546654
6.238999
5.955869
5.698139
5.46627
5.260382
5.080322
4.925734
4.796107
4.690835
4.609255
4.550685
4.514452
4.499919
4.506503
4.533682
4.581011
4.648123
4.734729
4.840614
4.965634
5.109702
5.272773
5.454832
5.655869
5.875849
6.114688
6.372213
6.64812
6.941925
7.252915
7.580086
7.922078
8.277116
8.642939
9.016739
9.395113
9.774023
10.14878
10.51408
10.86402
11.19226
11.49213
11.75684
11.97977
12.15473
12.27629
12.34005
12.34294
12.28345
12.16171
11.9796
11.74061
11.44971
11.11311
10.73795
10.33195
9.903089
9.459295
9.008154
8.556707
8.111289
7.677426
7.259789
6.862196
6.487645
6.13837
5.81593
5.521287
5.254902
5.016827
4.806787
4.624261
4.46855
4.338843
4.234265
4.153921
4.096935
4.062477
4.049787
4.058186
4.087096
4.136038
4.204643
4.292645
4.399882
4.526287
4.671878
4.836747
5.02104
5.224939
5.448637
5.692308
5.956068
6.239939
6.543795
6.867307
7.209879
7.570574
7.948039
8.340418
8.745269
9.159484
9.579215
9.999825
10.41586
10.82107
11.20848
11.57051
11.89917
12.18637
12.42421
12.60538
12.72356
12.77381
12.75293
12.65968
12.49493
12.26168
11.96488
11.6112
11.20866
10.7662
10.29325
9.799316
9.29359
8.784655
8.280262
7.787178
7.311115
6.856721
6.427617
6.026477
5.655118
5.314624
5.005452
4.727552
4.480477
4.263475
4.075583
3.9157
3.782651
3.67524
3.592299
3.532714
3.495458
3.479611
3.48437
3.509062
3.553149
3.616228
3.698032
3.798428
3.917406
4.055078
4.21166
4.387465
4.582884
4.798365
5.034393
5.291457
5.570014
5.870449
6.19302
6.537802
6.904606
7.292905
7.701735
8.129591
8.574318
9.032992
9.501815
9.976014
10.44978
10.91622
11.36743
11.79457
12.18807
12.53797
12.83429
13.06751
13.22915
13.31229
13.31208
13.22611
13.05471
12.80095
12.47049
12.07128
11.61307
11.10684
10.5642
9.99682
9.415946
8.831984
8.254219
7.690636
7.14785
6.631109
6.144367
5.690401
5.27095
4.88687
4.538286
4.224742
3.945335
3.698837
3.4838
3.298646
3.141738
3.011445
2.906185
2.824463
2.764901
2.726257
2.707435
2.7075
2.725678
2.761361
2.814103
2.883619
2.969782
3.072616
3.192295
3.329127
3.483554
3.65614
3.847559
4.058582
4.290058
4.542896
4.818036
5.116414
5.438922
5.786353
6.159336
6.558255
6.983154
7.433619
7.908647
8.4065
8.924534
9.459039
10.00507
10.5563
11.10495
11.64171
12.15586
12.63545
13.06766
13.4393
13.73751
13.95048
14.06833
14.08384
13.99314
13.79605
13.49626
13.10108
12.62098
12.06889
11.45929
10.80739
10.12829
9.436269
8.744297
8.063647
7.403735
6.772073
6.174345
5.614554
5.095215
4.617575
4.181836
3.787368
3.4329
3.116697
2.836705
2.590675
2.376267
2.191128
2.032957
1.899551
1.788842
1.698917
1.628036
1.574643
1.537362
1.515006
1.506565
1.511208
1.528274
1.557263
1.597836
1.649802
1.713116
1.787873
1.874306
1.972778
2.083784
2.207948
2.346019
2.498875
2.667518
2.853073
3.056788
3.280027
3.524264
3.791071
4.082102
4.399067
4.743702
5.117716
5.522732
5.9602
6.43129
6.936754
7.476753
8.050653
8.656776
9.292123
9.952072
10.63007
11.31735
12.00272
12.67248
13.31049
13.89857
14.41716
14.84626
15.16678
15.36196
15.41885
15.32964
15.09255
14.71216
14.19913
13.5693
12.8424
12.04048
11.18632
10.30204
9.407967
8.521906
7.658679
6.83002
6.044668
5.308623
4.625489
3.996862
3.422706
2.901715
2.431634
2.009535
1.632044
1.29553
0.9962504
0.7304654
0.4945202
0.284905
0.09829474
-0.0684276
-0.2181593
-0.3535763
-0.477139
-0.5911025
-0.6975319
-0.7983187
-0.8951996
-0.989776
-1.083534
-1.177861
-1.274072
-1.373417
-1.477109
-1.586335
-1.702274
-1.826111
-1.959052
-2.102337
-2.257254
-2.425144
-2.607419
-2.805564
-3.021143
-3.255803
-3.511272
-3.789349
-4.091898
-4.420817
-4.778008
-5.16533
-5.584528
-6.03715
-6.524421
-7.047102
-7.605303
-8.198251
-8.824032
-9.479288
-10.15889
-10.85561
-11.55984
-12.25937
-12.93935
-13.5824
-14.16913
-14.67887
-15.09083
-15.38552
-15.54633
-15.56111
-15.42343
-15.13341
-14.69783
-14.12967
-13.447
-12.6714
-11.82634
-10.93549
-10.02138
-9.104279
-8.201598
-7.327518
-6.492989
-5.705905
-4.971419
-4.292341
-3.669542
-3.102351
-2.58892
-2.126543
-1.71192
-1.341381
-1.011062
-0.7170413
-0.4554416
-0.2225059
-0.01464847
0.1715124
0.3391366
0.4911559
0.6302765
0.7589883
0.8795781
0.9941471
1.10463
1.212814
1.320361
1.428829
1.539688
1.654344
1.774158
1.900459
2.034567
2.177802
2.331506
2.497047
2.675838
2.869339
3.07907
3.30661
3.5536
3.821733
4.11275
4.428411
4.770474
5.140644
5.54052
5.971516
6.434754
6.930938
7.460192
8.021865
8.614299
9.234575
9.878225
10.53895
11.20837
11.87581
12.52824
13.15034
13.72489
14.2333
14.65659
14.97654
15.17703
15.24546
15.17394
14.9602
14.60794
14.12664
13.53079
12.83873
12.0712
11.24987
10.396
9.529347
8.667383
7.824847
7.013563
6.242499
5.517973
4.843957
4.22243
3.653741
3.136948
2.670134
2.250674
1.875464
1.541111
1.244081
0.980811
0.7478033
0.5416839
0.3592464
0.1974805
0.05358606
-0.07502181
-0.1907161
-0.2956661
-0.3918494
-0.4810672
-0.564961
-0.6450303
-0.7226507
-0.7990917
-0.8755349
-0.9530907
-1.032815
-1.115726
-1.202817
-1.295073
-1.393485
-1.499061
-1.61284
-1.735906
-1.869394
-2.01451
-2.172532
-2.344826
-2.532852
-2.738169
-2.962445
-3.207451
-3.475065
-3.767258
-4.086084
-4.433647
-4.812065
-5.223414
-5.669646
-6.152487
-6.673293
-7.232875
-7.831274
-8.467487
-9.139147
-9.84216
-10.57031
-11.31489
-12.06436
-12.80412
-13.51653
-14.18119
-14.7756
-15.27622
-15.66004
-15.90632
-15.99852
-15.92602
-15.68538
-15.28093
-14.72446
-14.03421
-13.23319
-12.34723
-11.403
-10.42625
-9.440427
-8.465823
-7.51907
-6.613076
-5.757196
-4.957595
-4.217697
-3.538666
-2.919874
-2.359327
-1.854035
-1.400327
-0.9941042
-0.6310432
-0.3067525
-0.01688795
0.2427621
0.4762215
0.6872875
0.879515
1.056209
1.220428
1.374996
1.522517
1.665395
1.805857
1.945974
2.087682
2.232808
2.383088
2.540188
2.705723
2.881273
3.068397
3.268644
3.483559
3.714691
3.963589
4.231797
4.520839
4.832199
5.16729
5.527407
5.913671
6.326951
6.767768
7.236184
7.731653
8.252865
8.79756
9.362332
9.942428
10.53156
11.12177
11.70332
12.26476
12.79308
13.27406
13.6928
14.03452
14.28539
14.43354
14.47004
14.38967
14.19149
13.87907
13.46024
12.94658
12.35255
11.69451
10.98964
10.25497
9.506561
8.758883
8.024431
7.313521
6.634269
5.992697
5.392923
4.8374
4.327176
3.862161
3.441362
3.063114
2.725266
2.425345
2.160692
1.928572
1.726255
1.551082
1.400514
1.272164
1.16382
1.073455
0.9992353
0.9395201
0.8928564
0.8579734
0.8337734
0.8193231
0.8138428
0.8166974
0.8273863
0.8455352
0.8708879
0.9032996
0.9427313
0.9892448
1.043
1.104251
1.173347
1.250731
1.336942
1.432616
1.538488
1.655399
1.784298
1.926248
2.082433
2.254161
2.44287
2.650134
2.877664
3.127309
3.401049
3.700993
4.029351
4.388414
4.780507
5.207928
5.67286
6.177256
6.722682
7.310111
7.939675
8.610345
9.319564
10.06282
10.83319
11.62091
12.41295
13.19281
13.94052
14.63304
15.24505
15.75035
16.12364
16.34273
16.39071
16.25783
15.94285
15.45331
14.80498
14.02031
13.12632
12.15232
11.12759
10.07962
9.032743
8.007359
7.019651
6.081666
5.201658
4.384576
3.632617
2.94577
2.32233
1.759341
1.252979
0.7988582
0.3922789
0.02841773
-0.2975291
-0.5902453
-0.8542193
-1.093701
-1.312677
-1.51486
-1.70369
-1.882343
-2.053753
-2.220623
-2.385454
-2.550566
-2.718121
-2.890143
-3.068544
-3.255138
-3.451659
-3.659774
-3.881091
-4.117162
-4.369485
-4.639494
-4.928548
-5.237904
-5.568683
-5.921832
-6.298057
-6.697757
-7.120932
-7.567078
-8.035066
-8.523005
-9.028099
-9.546501
-10.07318
-10.60179
-11.12465
-11.63272
-12.1157
-12.56229
-12.96055
-13.29835
-13.56408
-13.74727
-13.8394
-13.83449
-13.72969
-13.52554
-13.22608
-12.83856
-12.37301
-11.84157
-11.25775
-10.63561
-9.989068
-9.331275
-8.674165
-8.02814
-7.401911
-6.802463
-6.235115
-5.70365
-5.210494
-4.756901
-4.343163
-3.968794
-3.632711
-3.333392
-3.069011
-2.837556
-2.636921
-2.464984
-2.319668
-2.198984
-2.101071
-2.024211
-1.966853
-1.927621
-1.905315
-1.898916
-1.907584
-1.930652
-1.967625
-2.018173
-2.082124
-2.159463
-2.250325
-2.354988
-2.473873
-2.607538
-2.756674
-2.9221
-3.10476
-3.305717
-3.526142
-3.767309
-4.030572
-4.317351
-4.6291
-4.967271
-5.333266
-5.728366
-6.153653
-6.609905
-7.09746
-7.616061
-8.164668
-8.74124
-9.342496
-9.963665
-10.59824
-11.23776
-11.87168
-12.48734
-13.07012
-13.60381
-14.07117
-14.4549
-14.73861
-14.90814
-14.95266
-14.86581
-14.64631
-14.2983
-13.83103
-13.25819
-12.59683
-11.86609
-11.08588
-10.27573
-9.453824
-8.636274
-7.836747
-7.06628
-6.33332
-5.643897
-5.001888
-4.40933
-3.866737
-3.373414
-2.927737
-2.527403
-2.169643
-1.851396
-1.569452
-1.320563
-1.101525
-0.9092445
-0.74078
-0.5933704
-0.4644523
-0.3516669
-0.2528598
-0.1660757
-0.0895487
-0.02169038
0.03892394
0.09357003
0.1433898
0.1894063
0.2325385
0.2736155
0.3133899
0.3525504
0.391734
0.4315369
0.4725252
0.5152449
0.5602309
0.608016
0.6591396
0.7141555
0.7736407
0.8382024
0.9084871
0.985188
1.069053
1.160896
1.261601
1.372134
1.493556
1.627025
1.773813
1.935314
2.113052
2.308694
2.524054
2.761105
3.021977
3.308958
3.624488
3.971138
4.351586
4.768563
5.224789
5.722869
6.265155
6.853557
7.489298
8.172599
8.902284
9.675317
10.48626
11.32671
12.1847
13.04428
13.88523
14.68316
15.41011
16.03584
16.52969
16.8631
17.01238
16.96142
16.7037
16.24339
15.59508
14.78228
13.83505
12.78704
11.67267
10.52464
9.372113
8.239642
7.146723
6.107845
5.132915
4.227857
3.3953
2.635254
1.945735
1.323313
0.7635612
0.2614252
-0.1884872
-0.5916883
-0.9536483
-1.279678
-1.57485
-1.843952
-2.091461
-2.321527
-2.537986
-2.744362
-2.943892
-3.139539
-3.334024
-3.52984
-3.729279
-3.934452
-4.147299
-4.369611
-4.603032
-4.849064
-5.109064
-5.384234
-5.675605
-5.984008
-6.310042
-6.654026
-7.015946
-7.395389
-7.791466
-8.20273
-8.627092
-9.061726
-9.502998
-9.946393
-10.38648
-10.81692
-11.23052
-11.61934
-11.97492
-12.28855
-12.55162
-12.75603
-12.89468
-12.96185
-12.95368
-12.8684
-12.70657
-12.47106
-12.16696
-11.80127
-11.38251
-10.92028
-10.42475
-9.906163
-9.374475
-8.838958
-8.307971
-7.788793
-7.287539
-6.809159
-6.357476
-5.935277
-5.544423
-5.185976
-4.860329
-4.567329
-4.3064
-4.076647
-3.876953
-3.706059
-3.562634
-3.445332
-3.352838
-3.283902
-3.23737
-3.212204
-3.207494
-3.222472
-3.256513
-3.309143
-3.380033
-3.468999
-3.575999
-3.701123
-3.844585
-4.006717
-4.187949
-4.388801
-4.609858
-4.851749
-5.11512
-5.400593
-5.708731
-6.039978
-6.394603
-6.772619
-7.173697
-7.597066
-8.041399
-8.504686
-8.984105
-9.475892
-9.975222
-10.47612
-10.97139
-11.45268
-11.91051
-12.33453
-12.71383
-13.03735
-13.29447
-13.47558
-13.57275
-13.5803
-13.49528
-13.31777
-13.05095
-12.70096
-12.27649
-11.78827
-11.24839
-10.66964
-10.06483
-9.44625
-8.825197
-8.211686
-7.614252
-7.039883
-6.494046
-5.980778
-5.502829
-5.061825
-4.658443
-4.292587
-3.963552
-3.670173
-3.410954
-3.184185
-2.988034
-2.820624
-2.680095
-2.564654
-2.472611
-2.402405
-2.352625
-2.322021
-2.309513
-2.314191
-2.33532
-2.372338
-2.424849
-2.492621
-2.575584
-2.67382
-2.787562
-2.917186
-3.063205
-3.226263
-3.407128
-3.606679
-3.8259
-4.06586
-4.327696
-4.612587
-4.921722
-5.256259
-5.617269
-6.005668
-6.422133
-6.866998
-7.340127
-7.840762
-8.367358
-8.917383
-9.487125
-10.07148
-10.66376
-11.25558
-11.83677
-12.39543
-12.91812
-13.39031
-13.79689
-14.12305
-14.35511
-14.48162
-14.49423
-14.38854
-14.16452
-13.82669
-13.38383
-12.84831
-12.23525
-11.56143
-10.84423
-10.10069
-9.346715
-8.596486
-7.862116
-7.153504
-6.478336
-5.842219
-5.248886
-4.700452
-4.197672
-3.740212
-3.326884
-2.955865
-2.624887
-2.331393
-2.072666
-1.845933
-1.648444
-1.477535
-1.330672
-1.20548
-1.099761
-1.011509
-0.9389101
-0.880344
-0.8343766
-0.7997543
-0.7753944
-0.7603754
-0.7539262
-0.755417
-0.7643486
-0.7803445
-0.8031422
-0.8325868
-0.8686247
-0.9112995
-0.9607478
-1.017197
-1.080964
-1.152457
-1.232171
-1.320698
-1.418721
-1.527025
-1.646499
-1.778139
-1.923059
-2.082493
-2.257802
-2.450482
-2.662164
-2.894623
-3.149773
-3.429665
-3.736474
-4.072486
-4.440059
-4.841582
-5.279409
-5.755762
-6.272606
-6.831481
-7.433287
-8.078008
-8.764377
-9.489486
-10.24833
-11.03334
-11.83393
-12.63608
-13.42217
-14.17105
-14.85848
-15.45815
-15.94318
-16.28808
-16.47109
-16.47638
-16.29591
-15.9306
-15.39039
-14.69337
-13.86405
-12.93101
-11.9245
-10.87426
-9.807648
-8.748523
-7.71654
-6.726996
-5.791009
-4.915933
-4.105892
-3.362359
-2.684712
-2.070743
-1.517093
-1.019627
-0.5737239
-0.1745124
0.182949
0.5035446
0.7920025
1.052834
1.290296
1.508367
1.710746
1.900854
2.08185
2.256643
2.427921
2.598165
2.769679
2.944611
3.124972
3.312659
3.50947
3.717118
3.937242
4.17141
4.421122
4.687803
4.972788
5.277303
5.602432
5.949078
6.317902
6.709261
7.12312
7.558955
8.015639
8.491316
8.983266
9.487772
9.999995
10.51387
11.02207
11.51599
11.98585
12.42095
12.80995
13.14136
13.40413
13.58826
13.68554
13.69009
13.59894
13.41231
13.13364
12.7695
12.32908
11.82369
11.26599
10.66931
10.04695
9.4116
8.774862
8.14696
7.536547
6.950653
6.394724
5.872723
5.387293
4.939928
4.531159
4.160739
3.827814
3.531072
3.268884
3.03941
2.840702
2.670777
2.52768
2.409532
2.314566
2.24115
2.18781
2.153239
2.136302
2.136041
2.151674
2.182591
2.228353
2.288687
2.36348
2.452774
2.556763
2.675785
2.810319
2.960978
3.128507
3.313772
3.517751
3.741527
3.986274
4.253234
4.543695
4.858962
5.200307
5.568921
5.965841
6.391861
6.847424
7.332489
7.846371
8.387559
8.953507
9.54042
10.14302
10.75436
11.36564
11.96614
12.5433
13.08288
13.56945
13.98697
14.3197
14.55322
14.67548
14.67788
14.55607
14.31047
13.94636
13.47353
12.90556
12.2588
11.55119
10.80117
10.02663
9.244083
8.468105
7.711008
6.982708
6.290774
5.640597
5.035631
4.477669
3.967136
3.503366
3.084851
2.709472
2.374688
2.077695
1.815555
1.585297
1.383997
1.208835
1.057136
0.9263969
0.8143049
0.7187431
0.6377926
0.5697284
0.5130124
0.4662838
0.4283475
0.3981621
0.3748282
0.3575756
0.3457521
0.3388128
0.3363096
0.3378826
0.3432517
0.3522097
0.364616
0.3803917
0.3995154
0.4220197
0.4479895
0.4775597
0.510915
0.5482898
0.5899693
0.6362906
0.6876457
0.7444841
0.8073168
0.8767211
0.9533455
1.037916
1.131244
1.234232
1.347883
1.473311
1.611747
1.764555
1.933236
2.119445
2.324993
2.551865
2.802218
3.078389
3.382892
3.718404
4.087748
4.493854
4.939697
5.428217
5.962187
6.544049
7.175674
7.858067
8.590974
9.372412
10.1981
11.06084
11.94983
12.85011
13.74207
14.60134
15.39921
16.10362
16.68107
17.09909
17.32937
17.3509
17.15262
16.73504
16.11051
15.30194
14.34031
13.26147
12.1029
10.90071
9.687457
8.490784
7.332765
6.229921
5.193639
4.230836
3.344727
2.535588
1.801462
1.138776
0.5428454
0.008291317
-0.4706426
-0.8998452
-1.285159
-1.632251
-1.946533
-2.233101
-2.496709
-2.741759
-2.972301
-3.192046
-3.404383
-3.612398
-3.8189
-4.026439
-4.237329
-4.453667
-4.677343
-4.910057
-5.153316
-5.408441
-5.676554
-5.958567
-6.25516
-6.56675
-6.893454
-7.235043
-7.59089
-7.959907
-8.340488
-8.73044
-9.126924
-9.526408
-9.924632
-10.31661
-10.69664
-11.0584
-11.3951
-11.69959
-11.9647
-12.18346
-12.34947
-12.45725
-12.50252
-12.48256
-12.39637
-12.24476
-12.03044
-11.75779
-11.43274
-11.06239
-10.6547
-10.21811
-9.761169
-9.292208
-8.819073
-8.348917
-7.888058
-7.441901
-7.014919
-6.61067
-6.231856
-5.880403
-5.557554
-5.263967
-4.999818
-4.764894
-4.558687
-4.380466
-4.229357
-4.104396
-4.004584
-3.928929
-3.876478
-3.846346
-3.837732
-3.84994
-3.882382
-3.934587
-4.006205
-4.097
-4.20685
-4.335739
-4.483747
-4.651036
-4.837836
-5.044423
-5.271093
-5.518138
-5.785805
-6.074258
-6.383526
-6.713446
-7.063596
-7.433218
-7.821138
-8.225671
-8.644528
-9.074724
-9.512488
-9.953198
-10.39133
-10.82048
-11.23336
-11.622
-11.97787
-12.29219
-12.55628
-12.76198
-12.9021
-12.97086
-12.9643
-12.88057
-12.72015
-12.48586
-12.18273
-11.81773
-11.39936
-10.93721
-10.44146
-9.922398
-9.389995
-8.853563
-8.321501
-7.801127
-7.298593
-6.818882
-6.365846
-5.942296
-5.550113
-5.190375
-4.863484
-4.569296
-4.307236
-4.076412
-3.875706
-3.703855
-3.559526
-3.441366
-3.348054
-3.278336
-3.23105
-3.205151
-3.199724
-3.213993
-3.24733
-3.299253
-3.369427
-3.457666
-3.563922
-3.688279
-3.830952
-3.992267
-4.172655
-4.372634
-4.59279
-4.833755
-5.096179
-5.380692
-5.687865
-6.018156
-6.371848
-6.748976
-7.149238
-7.571893
-8.01565
-8.478542
-8.957795
-9.449698
-9.949481
-10.45122
-10.9478
-11.43087
-11.89102
-12.31791
-12.70061
-13.02803
-13.28949
-13.47527
-13.5773
-13.58977
-13.50955
-13.33655
-13.07381
-12.72733
-12.3057
-11.81959
-11.28108
-10.70297
-10.09811
-9.478869
-8.856623
-8.241481
-7.642073
-7.065477
-6.517241
-6.001476
-5.520992
-5.077462
-4.671605
-4.303354
-3.972023
-3.676458
-3.415172
-3.186455
-2.988472
-2.819338
-2.677185
-2.560211
-2.466713
-2.395117
-2.344
-2.312099
-2.298319
-2.30174
-2.321613
-2.357363
-2.408582
-2.475027
-2.556616
-2.653421
-2.765664
-2.89371
-3.038064
-3.199361
-3.37836
-3.575936
-3.793066
-4.030817
-4.290326
-4.572776
-4.879364
-5.211263
-5.569563
-5.955212
-6.368928
-6.811099
-7.281658
-7.779936
-8.304492
-8.852924
-9.421663
-10.00577
-10.59875
-11.19239
-11.7767
-12.33992
-12.86876
-13.34871
-13.76466
-14.10162
-14.3457
-14.48508
-14.51099
-14.4185
-14.2071
-13.8808
-13.44797
-12.92067
-12.31383
-11.64414
-10.92906
-10.18577
-9.430368
-8.677303
-7.938962
-7.225513
-6.544895
-5.902941
-5.303578
-4.749079
-4.240327
-3.777082
-3.358226
-2.981981
-2.646106
-2.348055
-2.085108
-1.854481
-1.653407
-1.4792
-1.329297
-1.201295
-1.092967
-1.002276
-0.9273795
-0.8666264
-0.8185544
-0.781882
-0.7554997
-0.7384594
-0.729965
-0.7293613
-0.7361246
-0.7498538
-0.7702617
-0.7971684
-0.8304944
-0.8702567
-0.916564
-0.9696143
-1.029694
-1.097176
-1.172523
-1.256286
-1.349109
-1.451733
-1.564998
-1.689851
-1.827352
-1.978676
-2.145126
-2.328134
-2.529268
-2.750238
-2.992896
-3.259236
-3.551384
-3.87159
-4.222199
-4.605617
-5.024255
-5.480453
-5.976367
-6.513829
-7.094155
-7.7179
-8.384556
-9.092186
-9.836994
-10.61286
-11.41084
-12.21877
-13.02087
-13.7977
-14.5264
-15.18136
-15.73548
-16.16196
-16.43644
-16.53939
-16.45824
-16.18899
-15.73685
-15.11593
-14.34783
-13.45958
-12.48119
-11.44325
-10.37484
-9.302027
-8.246909
-7.22719
-6.256221
-5.343302
-4.494179
-3.711618
-2.995987
-2.345797
-1.758187
-1.229329
-0.7547667
-0.3296818
0.05089925
0.3919499
0.6983301
0.9747093
1.225513
1.454897
1.666734
1.864613
2.051848
2.231495
2.406371
2.579076
2.752016
2.927429
3.107401
3.293892
3.488752
3.693736
3.910515
4.140682
4.385758
4.647182
4.926305
5.22437
5.542481
5.881569
6.242338
6.625204
7.030213
7.456951
7.904438
8.371003
8.854162
9.350482
9.855461
10.36342
10.86746
11.35942
11.82999
12.26887
12.6651
13.00742
13.28486
13.48734
13.60632
13.63544
13.57102
13.41242
13.16217
12.82589
12.41191
11.93077
11.39455
10.81617
10.20872
9.584855
8.9563
8.333511
7.725461
7.139548
6.581603
6.055977
5.565679
5.112536
4.697379
4.320221
3.980423
3.676856
3.408033
3.172229
2.96758
2.792166
2.644073
2.521449
2.42254
2.34572
2.28951
2.252594
2.233824
2.232228
2.247007
2.277535
2.323356
2.384182
2.459883
2.550489
2.656179
2.777278
2.914253
3.067704
3.238358
3.427066
3.634784
3.862571
4.111567
4.382971
4.678021
4.997951
5.34395
5.717101
6.118307
6.548201
7.007027
7.494508
8.009683
8.550724
9.114731
9.697522
10.29342
10.89508
11.49335
12.07723
12.634
13.14946
13.6084
13.99532
14.29526
14.49484
14.58327
14.5533
14.40197
14.13094
13.74649
13.25911
12.68268
12.0335
11.32915
10.58744
9.825485
9.058923
8.301463
7.56459
6.857482
6.187085
5.558282
4.974135
4.436155
3.944579
3.49863
3.096758
2.736852
2.416419
2.132731
1.882948
1.664212
1.473721
1.308779
1.16684
1.045528
0.9426547
0.856227
0.7844465
0.7257063
0.6785848
0.6418358
0.6143787
0.5952875
0.5837794
0.5792042
0.5810341
0.5888542
0.6023538
0.6213192
0.6456271
0.6752389
0.7101974
0.7506227
0.7967107
0.848732
0.9070318
0.9720313
1.044229
1.124205
1.212624
1.310239
1.417898
1.536553
1.667263
1.811201
1.969667
2.144091
2.336043
2.547239
2.779547
3.034986
3.315727
3.624086
3.962504
4.333519
4.739725
5.183703
5.667927
6.194637
6.765667
7.382212
8.044544
8.751652
9.500806
10.28707
11.10278
11.93698
12.77501
13.59822
14.38401
15.1063
15.73662
16.24575
16.60593
16.79349
16.7913
16.59093
16.19384
15.61146
14.8641
13.97888
12.98716
11.92174
10.8145
9.694447
8.586532
7.510996
6.483308
5.514438
4.611373
3.777728
3.014401
2.32017
1.692244
1.126718
0.6189548
0.1638869
-0.24375
-0.6092409
-0.9377642
-1.234303
-1.503584
-1.75005
-1.977837
-2.190778
-2.392409
-2.585982
-2.774487
-2.960677
-3.147083
-3.336046
-3.529731
-3.73015
-3.939177
-4.158563
-4.389939
-4.634824
-4.89462
-5.1706
-5.463895
-5.775464
-6.106057
-6.456173
-6.825995
-7.215324
-7.623497
-8.049289
-8.490818
-8.945438
-9.409637
-9.87895
-10.34789
-10.80992
-11.2575
-11.68215
-12.07471
-12.42552
-12.72491
-12.96358
-13.13316
-13.2267
-13.23922
-13.16804
-13.01308
-12.77693
-12.46471
-12.08383
-11.6435
-11.15423
-10.62724
-10.07392
-9.505334
-8.931797
-8.362596
-7.805786
-7.268107
-6.75497
-6.270514
-5.817709
-5.39849
-5.013898
-4.664233
-4.349196
-4.068025
-3.819613
-3.602616
-3.415545
-3.256837
-3.124918
-3.018255
-2.935392
-2.874978
-2.835792
-2.816757
-2.816948
-2.835599
-2.872104
-2.926019
-2.997059
-3.085094
-3.190142
-3.312369
-3.452072
-3.60968
-3.785739
-3.980897
-4.195896
-4.431545
-4.688703
-4.968246
-5.271033
-5.597857
-5.949391
-6.326118
-6.728247
-7.155613
-7.60756
-8.082807
-8.579302
-9.094062
-9.623014
-10.16085
-10.7009
-11.23506
-11.75384
-12.2464
-12.70089
-13.10475
-13.44532
-13.71048
-13.88943
-13.97342
-13.9565
-13.83605
-13.61305
-13.29214
-12.88133
-12.39146
-11.83547
-11.22761
-10.58258
-9.914803
-9.237777
-8.563648
-7.902898
-7.264207
-6.654444
-6.078751
-5.540696
-5.042463
-4.585064
-4.168549
-3.792201
-3.454727
-3.154411
-2.889253
-2.657088
-2.455677
-2.28278
-2.136219
-2.013917
-1.913934
-1.834486
-1.773961
-1.730925
-1.704128
-1.692501
-1.695154
-1.711373
-1.740611
-1.782487
-1.836777
-1.903408
-1.982456
-2.074137
-2.178808
-2.296961
-2.42922
-2.57634
-2.739204
-2.918819
-3.116314
-3.332933
-3.570026
-3.829042
-4.111504
-4.418993
-4.753109
-5.115431
-5.507454
-5.93051
-6.385673
-6.873625
-7.394507
-7.947721
-8.531717
-9.143733
-9.779525
-10.43308
-11.09638
-11.75917
-12.40887
-13.03068
-13.60781
-14.1221
-14.55484
-14.88789
-15.105
-15.19317
-15.14389
-14.95403
-14.62632
-14.16925
-13.59636
-12.92517
-12.17585
-11.36967
-10.52776
-9.669911
-8.813799
-7.974469
-7.16412
-6.392119
-5.665181
-4.98765
-4.361842
-3.7884
-3.26663
-2.794819
-2.370508
-1.990724
-1.65217
-1.351387
-1.084865
-0.849142
-0.6408671
-0.4568486
-0.2940839
-0.1497763
-0.02134189
0.09359171
0.1971922
0.291434
0.3781119
0.4588579
0.5351574
0.6083672
0.6797332
0.7504073
0.8214648
0.89392
0.9687422
1.04687
1.129227
1.216732
1.310316
1.410934
1.519573
1.637269
1.765115
1.904274
2.055987
2.221584
2.402495
2.600253
2.816501
3.053001
3.311623
3.594349
3.903257
4.240498
4.608265
5.008745
5.444046
5.916103
6.426553
6.976566
7.566638
8.196327
8.86394
9.566171
10.2977
11.05077
11.81483
12.57619
13.31796
14.02014
14.6602
15.21396
15.65707
15.96674
16.12379
16.11456
15.9325
15.57903
15.06363
14.40301
13.61954
12.73928
11.78985
10.79843
9.79025
8.787434
7.808401
6.867658
5.975928
5.140477
4.365577
3.653009
3.002559
2.412484
1.87991
1.401181
0.9721381
0.5883414
0.2452476
-0.06166456
-0.3367954
-0.5843609
-0.8083519
-1.01251
-1.200319
-1.375007
-1.539556
-1.696719
-1.849037
-1.99886
-2.148374
-2.29962
-2.454517
-2.614884
-2.782462
-2.958928
-3.145914
-3.345017
-3.557809
-3.785845
-4.030661
-4.293768
-4.576645
-4.880714
-5.207316
-5.557665
-5.932798
-6.333503
-6.760231
-7.212991
-7.691221
-8.19364
-8.718084
-9.26133
-9.818913
-10.38497
-10.95209
-11.51128
-12.05195
-12.56209
-13.02856
-13.43759
-13.77542
-14.0291
-14.18734
-14.24141
-14.1859
-14.01922
-13.74387
-13.36633
-12.89663
-12.34764
-11.7342
-11.07216
-10.3775
-9.665492
-8.950148
-8.24375
-7.556636
-6.897122
-6.271558
-5.684473
-5.138776
-4.635988
-4.176479
-3.7597
-3.384389
-3.048767
-2.75069
-2.487791
-2.25759
-2.057578
-1.885292
-1.738362
-1.614551
-1.511781
-1.428149
-1.361934
-1.311606
-1.275821
-1.253418
-1.243414
-1.244996
-1.257513
-1.280472
-1.313524
-1.356463
-1.409218
-1.471845
-1.544528
-1.627573
-1.721407
-1.826573
-1.943738
-2.073685
-2.217321
-2.375673
-2.549893
-2.741259
-2.951169
-3.181148
-3.432834
-3.707973
-4.008403
-4.336027
-4.692781
-5.080584
-5.501269
-5.956495
-6.447624
-6.975575
-7.540627
-8.142188
-8.778517
-9.446407
-10.14084
-10.85461
-11.57804
-12.29871
-13.00133
-13.66796
-14.27833
-14.81076
-15.24326
-15.5551
-15.72848
-15.75024
-15.61328
-15.31744
-14.86971
-14.28364
-13.57825
-12.7763
-11.9025
-10.98174
-10.03763
-9.091355
-8.160983
-7.261159
-6.4031
-5.594799
-4.841388
-4.145554
-3.507984
-2.927784
-2.402865
-1.930269
-1.506452
-1.127511
-0.7893613
-0.4878744
-0.218985
0.02123741
0.2365374
0.4304435
0.6062513
0.7670191
0.9155726
1.054516
1.186246
1.312973
1.436741
1.559447
1.682862
1.808659
1.938426
2.07369
2.215936
2.366623
2.5272
2.699123
2.883861
3.082911
3.2978
3.530094
3.781389
4.05331
4.347493
4.665567
5.009115
5.379633
5.778467
6.206727
6.665189
7.154165
7.673343
8.221604
8.79681
9.395567
10.01298
10.64244
11.27539
11.90121
12.50727
13.07902
13.60042
14.05455
14.42449
14.69439
14.85064
14.88305
14.78583
14.55822
14.20469
13.73472
13.16202
12.50349
11.77798
11.00503
10.20375
9.391853
8.585041
7.796599
7.03725
6.315187
5.636251
5.004189
4.420959
3.887039
3.401731
2.963431
2.569881
2.218365
1.905886
1.629303
1.385439
1.171164
0.9834538
0.8194376
0.6764217
0.5519083
0.4436022
0.3494107
0.2674386
0.1959795
0.1335041
0.07864696
0.03019286
-0.01293806
-0.05170432
-0.08695709
-0.1194535
-0.1498693
-0.1788106
-0.2068247
-0.2344107
-0.2620285
-0.2901077
-0.3190558
-0.3492653
-0.3811213
-0.4150077
-0.4513138
-0.4904406
-0.5328066
-0.5788538
-0.6290539
-0.6839148
-0.7439865
-0.8098679
-0.8822143
-0.9617445
-1.049249
-1.145598
-1.251751
-1.368768
-1.497815
-1.640181
-1.797283
-1.970682
-2.16209
-2.373383
-2.60661
-2.863994
-3.147942
-3.461034
-3.806012
-4.18576
-4.603254
-5.061502
-5.563444
-6.111818
-6.708972
-7.356608
-8.055462
-8.804881
-9.602326
-10.44277
-11.31807
-12.21625
-13.121
-14.01121
-14.86102
-15.64039
-16.31633
-16.85499
-17.22445
-17.39788
-17.35667
-17.0929
-16.61057
-15.92546
-15.06335
-14.05736
-12.94449
-11.76243
-10.54677
-9.32896
-8.135217
-6.986071
-5.896532
-4.876609
-3.932028
-3.065023
-2.275091
-1.559683
-0.9147918
-0.335434
0.1839629
0.6492635
1.066402
1.441219
1.779345
2.086129
2.366592
2.625404
2.866878
3.094973
3.313312
3.525198
3.733634
3.941349
4.150818
4.36428
4.583758
4.811069
5.047834
5.295481
5.555241
5.828139
6.114976
6.416307
6.732406
7.063227
7.408357
7.76696
8.137719
8.518773
8.90766
9.301261
9.69576
10.08663
10.46864
10.8359
11.18199
11.50005
11.78308
12.02411
12.21655
12.35454
12.43323
12.4491
12.40025
12.2865
12.10948
11.87258
11.58078
11.24041
10.85884
10.44408
10.00449
9.548368
9.083711
8.617943
8.157752
7.708978
7.276558
6.864524
6.476036
6.11345
5.778396
5.471877
5.194362
4.945885
4.726136
4.534542
4.370346
4.232668
4.120561
4.033062
3.969224
3.928149
3.909014
3.911083
3.933725
3.976418
4.038754
4.120439
4.221293
4.341238
4.480297
4.638575
4.81625
5.013552
5.230738
5.468071
5.725778
6.00402
6.302841
6.622113
6.961477
7.320268
7.69744
8.091477
8.500304
8.921197
9.350692
9.784519
10.21755
10.64378
11.05637
11.44773
11.8097
12.13376
12.41141
12.63446
12.79556
12.88856
12.90895
12.85419
12.72392
12.52006
12.24676
11.91011
11.5179
11.07912
10.60352
10.10113
9.581846
9.055047
8.529315
8.012244
7.510324
7.028907
6.572226
6.143465
5.744855
5.377792
5.042964
4.74047
4.469944
4.230663
4.021643
3.841727
3.689659
3.564141
3.463886
3.387655
3.334291
3.302741
3.292072
3.301485
3.330322
3.378067
3.444349
3.52894
3.631751
3.752825
3.892328
4.050543
4.227852
4.424724
4.641695
4.879344
5.138268
5.419044
5.722186
6.048098
6.397011
6.768909
7.163444
7.579841
8.016784
8.472303
8.943639
9.42713
9.918091
10.41073
10.89808
11.37205
11.82349
12.24237
12.61812
12.94002
13.19772
13.38181
13.48447
13.5
13.42531
13.2602
13.00748
12.6728
12.26437
11.79238
11.26847
10.70499
10.11441
9.50877
8.899219
8.295694
7.706729
7.13937
6.599189
6.090355
5.615768
5.177212
4.775525
4.410762
4.082362
3.78929
3.530169
3.303394
3.107224
2.939859
2.79951
2.68444
2.593009
2.523699
2.475135
2.446097
2.435534
2.442559
2.466461
2.506695
2.562884
2.634815
2.722433
2.825836
2.945269
3.08112
3.233911
3.40429
3.593024
3.800984
4.029134
4.278513
4.550209
4.845333
5.164977
5.510171
5.881816
6.280611
6.706961
7.160859
7.641754
8.148398
8.678668
9.229375
9.796079
10.3729
10.95237
11.52535
12.08102
12.60705
13.08985
13.5151
13.8684
14.13608
14.30616
14.36927
14.31943
14.15471
13.87742
13.49413
13.01512
12.45372
11.82535
11.1465
10.4338
9.703152
8.969113
8.244421
7.539766
6.863716
6.22278
5.621563
5.062986
4.54853
4.078487
3.652201
3.268291
2.924841
2.619574
2.349988
2.113468
1.907379
1.729136
1.576254
1.446387
1.337352
1.247148
1.17396
1.116166
1.07233
1.041202
1.02171
1.012946
1.014168
1.02478
1.044331
1.072504
1.109109
1.154077
1.207457
1.269408
1.3402
1.420211
1.509925
1.609934
1.720942
1.843762
1.979322
2.12867
2.292973
2.473526
2.671751
2.889199
3.127552
3.388614
3.674305
3.986647
4.327733
4.699697
5.104652
5.544622
6.021439
6.536608
7.091136
7.685314
8.31845
8.988551
9.691953
10.42293
11.17329
11.93201
12.68495
13.41484
14.10144
14.72214
15.25297
15.67008
15.95153
16.07927
16.04097
15.83151
15.45367
14.91804
14.24213
13.4487
12.56381
11.61473
10.62807
9.628294
8.636728
7.670987
6.744851
5.868408
5.048408
4.288716
3.590811
2.95427
2.377214
1.8567
1.389047
0.9701088
0.5954864
0.2606932
-0.03872064
-0.3070785
-0.5485163
-0.7669439
-0.9660235
-1.149163
-1.31952
-1.480007
-1.633315
-1.781927
-1.928142
-2.074097
-2.221789
-2.373101
-2.529818
-2.693652
-2.866256
-3.049242
-3.244195
-3.452679
-3.676248
-3.916445
-4.174801
-4.452821
-4.75197
-5.073647
-5.419145
-5.789601
-6.185928
-6.608736
-7.058223
-7.534053
-8.035211
-8.559833
-9.10503
-9.666697
-10.23933
-10.81589
-11.38769
-11.94436
-12.474
-12.96344
-13.39863
-13.76532
-14.04981
-14.23988
-14.32566
-14.30051
-14.16164
-13.91045
-13.55254
-13.09732
-12.55735
-11.94751
-11.28392
-10.58306
-9.860886
-9.132133
-8.409845
-7.705086
-7.026834
-6.382011
-5.77562
-5.210944
-4.689786
-4.212715
-3.779304
-3.38836
-3.038115
-2.726404
-2.450807
-2.208768
-1.997689
-1.815005
-1.658239
-1.525044
-1.41323
-1.320781
-1.24587
-1.186856
-1.142289
-1.110904
-1.091614
-1.083504
-1.085821
-1.097967
-1.11949
-1.150074
-1.189538
-1.237823
-1.294992
-1.361224
-1.436812
-1.522159
-1.617782
-1.724309
-1.84248
-1.973151
-2.117299
-2.276016
-2.450524
-2.642167
-2.852418
-3.082877
-3.335267
-3.611427
-3.913297
-4.242895
-4.602285
-4.993531
-5.418626
-5.879402
-6.377411
-6.913771
-7.488964
-8.102595
-8.753098
-9.437396
-10.15053
-10.88525
-11.6317
-12.37705
-13.10546
-13.7981
-14.43364
-14.98909
-15.44104
-15.76732
-15.94885
-15.9715
-15.82765
-15.51716
-15.04757
-14.43352
-13.6954
-12.85756
-11.94631
-10.98798
-10.00741
-9.026697
-8.064563
-7.136014
-6.252397
-5.421658
-4.648746
-3.936083
-3.284035
-2.691368
-2.155646
-1.673579
-1.241308
-0.8546393
-0.5092223
-0.2006923
0.07523206
0.3226731
0.5455482
0.7475415
0.9320905
1.102384
1.261371
1.41177
1.55609
1.696649
1.835597
1.974937
2.11655
2.262213
2.413623
2.572417
2.740186
2.918494
3.10889
3.312916
3.532119
3.768046
4.022251
4.296278
4.591652
4.90985
5.252269
5.620177
6.014648
6.436484
6.886109
7.36345
7.867784
8.397572
8.950266
9.522109
10.10794
10.70099
11.29277
11.87303
12.42976
12.94948
13.4176
13.81904
14.13904
14.36409
14.48292
14.48746
14.3736
14.14164
13.79641
13.34695
12.80586
12.18839
11.51138
10.7922
10.04784
9.294083
8.544958
7.81243
7.106237
6.433914
5.800929
5.210898
4.66583
4.166404
3.712217
3.302035
2.934002
2.605828
2.314944
2.058627
1.834107
1.638642
1.469576
1.324389
1.200717
1.09638
1.009385
0.9379342
0.8804214
0.8354271
0.8017115
0.7782051
0.7639987
0.7583332
0.76059
0.7702807
0.7870392
0.8106129
0.8408568
0.8777269
0.9212764
0.9716515
1.02909
1.093918
1.166555
1.247508
1.337378
1.436863
1.546761
1.667973
1.801512
1.948507
2.110208
2.287995
2.48338
2.698014
2.93369
3.19234
3.47603
3.786951
4.127396
4.499728
4.90633
5.349536
5.831535
6.354233
6.919084
7.526863
8.177386
8.869166
9.599009
10.36156
11.14885
11.94979
12.74988
13.53099
14.27149
14.94682
15.53054
15.99588
16.31782
16.47538
16.45379
16.24631
15.85518
15.29158
14.57464
13.72953
12.78518
11.77184
10.71893
9.653326
8.598263
7.572743
6.591424
5.664843
4.799852
4.000159
3.266909
2.59923
1.994732
1.449935
0.9606261
0.5221456
0.1296117
-0.221907
-0.5372699
-0.8211701
-1.078078
-1.312204
-1.527483
-1.727569
-1.915839
-2.095412
-2.269161
-2.439739
-2.609598
-2.781017
-2.956119
-3.136899
-3.325236
-3.522916
-3.731641
-3.953041
-4.188677
-4.440042
-4.708554
-4.995542
-5.302222
-5.629668
-5.978766
-6.350157
-6.74417
-7.160733
-7.599274
-8.058608
-8.536803
-9.031052
-9.537531
-10.05128
-10.56611
-11.07454
-11.56782
-12.03605
-12.4684
-12.85347
-13.17971
-13.43611
-13.61277
-13.70161
-13.69703
-13.59631
-13.39998
-13.11183
-12.73872
-12.29014
-11.77758
-11.21388
-10.61244
-9.986573
-9.348921
-8.711006
-8.082928
-7.473205
-6.88872
-6.334772
-5.815189
-5.332487
-4.888047
-4.482308
-4.114944
-3.785037
-3.491225
-3.231842
-3.00502
-2.808795
-2.641172
-2.500192
-2.383977
-2.290762
-2.218923
-2.166995
-2.13368
-2.117854
-2.11857
-2.135057
-2.166717
-2.213121
-2.274006
-2.34927
-2.438964
-2.54329
-2.662597
-2.797371
-2.948234
-3.115939
-3.30136
-3.505484
-3.729403
-3.974299
-4.241426
-4.532082
-4.847582
-5.189214
-5.558182
-5.955538
-6.382094
-6.838309
-7.324162
-7.838987
-8.381289
-8.948541
-9.536957
-10.14127
-10.75452
-11.36791
-11.97068
-12.55023
-13.09226
-13.58125
-14.00107
-14.33587
-14.57112
-14.69468
-14.69783
-14.57619
-14.33014
-13.96497
-13.49053
-12.92047
-12.27122
-11.56086
-10.80792
-10.03039
-9.244879
-8.46604
-7.706233
-6.975409
-6.281161
-5.628885
-5.022032
-4.462384
-3.950349
-3.485241
-3.065529
-2.689072
-2.353305
-2.0554
-1.792398
-1.561309
-1.359188
-1.183197
-1.030645
-0.899013
-0.7859726
-0.6893926
-0.6073401
-0.5380765
-0.4800501
-0.4318859
-0.3923744
-0.3604595
-0.3352256
-0.3158857
-0.3017695
-0.2923123
-0.2870446
-0.2855828
-0.2876213
-0.2929243
-0.30132
-0.3126949
-0.3269896
-0.3441945
-0.3643477
-0.3875326
-0.4138768
-0.4435514
-0.4767715
-0.5137969
-0.5549338
-0.6005368
-0.6510123
-0.7068214
-0.7684849
-0.8365879
-0.9117858
-0.9948102
-1.086477
-1.187694
-1.29947
-1.422923
-1.559292
-1.709947
-1.876402
-2.06032
-2.263533
-2.488044
-2.736036
-3.009881
-3.312133
-3.645522
-4.012937
-4.417386
-4.861946
-5.349674
-5.88349
-6.466007
-7.099296
-7.784593
-8.5219
-9.309508
-10.14342
-11.01669
-11.91874
-12.8347
-13.74492
-14.62479
-15.44504
-16.17281
-16.77343
-17.21311
-17.46206
-17.49785
-17.30828
-16.89317
-16.26469
-15.44609
-14.46916
-13.37089
-12.19
-10.96383
-9.726069
-8.505242
-7.324101
-6.199622
-5.143456
-4.162632
-3.260363
-2.436845
-1.689992
-1.016072
-0.4102291
0.133086
0.6197944
1.055938
1.4475
1.800273
2.119777
2.411204
2.67939
2.928805
3.163553
3.387388
3.603727
3.815677
4.026049
4.237389
4.451991
4.671916
4.899008
5.134901
5.381021
5.638587
5.908601
6.191833
6.488798
6.799724
7.124518
7.462719
7.813449
8.175359
8.546572
8.924634
9.306461
9.688316
10.06579
10.43383
10.78678
11.1185
11.42249
11.69213
11.92087
12.10258
12.23179
12.30404
12.31615
12.26641
12.15476
11.98281
11.75382
11.47252
11.14492
10.77794
10.37919
9.95654
9.517866
9.070749
8.622262
8.178799
7.745968
7.32854
6.930439
6.55477
6.203875
5.879412
5.582436
5.313491
5.0727
4.85985
4.67447
4.515903
4.38337
4.276017
4.192968
4.133358
4.096361
4.081217
4.087244
4.113857
4.160569
4.226999
4.312868
4.418001
4.542315
4.685814
4.848573
5.030721
5.232428
5.453869
5.695204
5.956539
6.237885
6.539109
6.859879
7.1996
7.557346
7.931778
8.321066
8.722803
9.133927
9.550651
9.968411
10.38184
10.78478
11.17036
11.53111
11.85916
12.1465
12.3853
12.56832
12.68926
12.74315
12.72673
12.63866
12.47968
12.25261
11.96224
11.61504
11.21886
10.78249
10.31521
9.826437
9.325289
8.820313
8.319247
7.828873
7.354935
6.902126
6.474125
6.073663
5.702622
5.362146
5.05275
4.774441
4.526818
4.309174
4.120584
3.959978
3.826209
3.718104
3.634512
3.574333
3.536551
3.520251
3.524637
3.549038
3.592914
3.655862
3.737612
3.838023
3.957081
4.094888
4.251649
4.427665
4.623311
4.83902
5.075255
5.332481
5.611128
5.911549
6.233969
6.578417
6.944664
7.332132
7.739801
8.166112
8.608849
9.065032
9.53081
10.00137
10.47086
10.9324
11.37808
11.79912
12.18604
12.529
12.81818
13.04428
13.19904
13.27579
13.2699
13.1792
13.00418
12.74805
12.41653
12.01757
11.56087
11.05729
10.51829
9.955367
9.379588
8.801171
8.229229
7.671594
7.13475
6.62384
6.142736
5.694159
5.279811
4.900529
4.556432
4.247073
3.971566
3.728706
3.517075
3.335124
3.181252
3.05386
2.951403
2.872418
2.815561
2.77962
2.763531
2.766388
2.787443
2.826114
2.88198
2.954778
3.044403
3.150897
3.27445
3.415385
3.574155
3.751332
3.947592
4.163701
4.4005
4.658877
4.939738
5.243977
5.572421
5.925779
6.304572
6.709048
7.139077
7.594041
8.072687
8.572988
9.091971
9.625561
10.16842
10.71384
11.25364
11.77819
12.27652
12.73658
13.1456
13.49069
13.75949
13.94096
14.02618
14.00906
13.88692
13.66076
13.33532
12.91878
12.42221
11.85882
11.2431
10.59004
9.914269
9.229504
8.548037
7.88046
7.235519
6.620115
6.039389
5.496885
4.994747
4.533933
4.114431
3.735463
3.395669
3.09327
2.826205
2.592253
2.389119
2.214517
2.06622
1.942111
1.840212
1.758702
1.695934
1.650444
1.620951
1.606355
1.605738
1.618354
1.643629
1.681149
1.730657
1.792049
1.865363
1.950782
2.048623
2.159339
2.283514
2.421862
2.575224
2.744568
2.930985
3.135687
3.36
3.605355
3.873277
4.165368
4.483277
4.828665
5.20316
5.608284
6.045377
6.515476
7.019185
7.556501
8.126608
8.727636
9.356393
10.00807
10.67596
11.35119
12.02253
12.67636
13.29677
13.86596
14.36491
14.77437
15.0761
15.25426
15.29684
15.19685
14.95312
14.57058
14.05995
13.43684
12.72049
11.9323
11.09429
10.22778
9.352401
8.485286
7.640736
6.830079
6.061769
5.341625
4.673163
4.057959
3.496015
2.986102
2.526068
2.113106
1.743971
1.415165
1.123078
0.8641007
0.634701
0.4314881
0.2512492
0.09097404
-0.05213331
-0.180652
-0.2969488
-0.4031886
-0.5013471
-0.5932273
-0.680477
-0.764607
-0.8470098
-0.928978
-1.011722
-1.096389
-1.184078
-1.275857
-1.372777
-1.475889
-1.586257
-1.704971
-1.833159
-1.972001
-2.122739
-2.286686
-2.46524
-2.659885
-2.872204
-3.103876
-3.356679
-3.632485
-3.933247
-4.260981
-4.617731
-5.005527
-5.426319
-5.881891
-6.373744
-6.902943
-7.469935
-8.074305
-8.714503
-9.387518
-10.08852
-10.81048
-11.54385
-12.27627
-12.99243
-13.6742
-14.30103
-14.85072
-15.30065
-15.62928
-15.81796
-15.85266
-15.72553
-15.43583
-14.99022
-14.40223
-13.69111
-12.88007
-11.99444
-11.05982
-10.10049
-9.1383
-8.191868
-7.276286
-6.403104
-5.580547
-4.813881
-4.105857
-3.457164
-2.866868
-2.332809
-1.851937
-1.420605
-1.0348
-0.6903276
-0.3829506
-0.1084987
0.1370584
0.3575599
0.5566228
0.7376261
0.9037067
1.057764
1.202471
1.340294
1.473505
1.60421
1.734367
1.865807
2.00026
2.139372
2.284729
2.43787
2.60031
2.77355
2.959095
3.158457
3.373169
3.604784
3.854877
4.125034
4.416843
4.731868
5.07162
5.437508
5.830782
6.25245
6.703182
7.183185
7.692052
8.228588
8.790612
9.374735
9.976138
10.58836
11.20312
11.81021
12.39751
12.95116
13.45593
13.89578
14.25471
14.51773
14.67197
14.70772
14.6194
14.4061
14.07182
13.62527
13.07917
12.44933
11.75349
11.01018
10.23761
9.452825
8.671031
7.905217
7.165973
6.461506
5.797771
5.178709
4.606517
4.081941
3.604557
3.173039
2.785387
2.439132
2.131503
1.859567
1.620333
1.410838
1.228213
1.069724
0.9328066
0.8150801
0.7143614
0.6286658
0.5562042
0.4953766
0.4447626
0.4031107
0.3693254
0.3424558
0.3216823
0.3063054
0.2957339
0.2894747
0.287123
0.2883539
0.2929145
0.3006177
0.311336
0.3249969
0.3415793
0.3611101
0.3836624
0.4093537
0.4383455
0.470843
0.5070963
0.5474016
0.5921032
0.6415961
0.6963302
0.7568135
0.8236176
0.8973831
0.9788257
1.068744
1.168026
1.277659
1.398739
1.53248
1.680224
1.843455
2.023805
2.223071
2.44322
2.686399
2.954939
3.251358
3.578351
3.938774
4.335613
4.771933
5.250802
5.775174
6.347732
6.970676
7.645426
8.372262
9.149851
9.974696
10.84049
11.73743
12.65154
13.56417
14.45169
15.28574
16.03405
16.6622
17.13599
17.42461
17.50397
17.35965
16.98903
16.40184
15.6193
14.67169
13.59523
12.4285
11.20932
9.972186
8.746721
7.556824
6.420589
5.350673
4.354965
3.437376
2.598646
1.837098
1.149286
0.530549
-0.02454683
-0.5218654
-0.9674361
-1.36726
-1.727174
-2.052753
-2.349255
-2.621587
-2.874288
-3.111536
-3.33715
-3.554613
-3.767092
-3.977455
-4.1883
-4.40197
-4.620573
-4.845998
-5.079921
-5.323813
-5.578939
-5.846348
-6.126863
-6.421056
-6.729223
-7.051344
-7.387042
-7.735536
-8.095582
-8.465422
-8.842727
-9.224552
-9.607296
-9.98669
-10.3578
-10.7151
-11.05251
-11.36359
-11.6417
-11.88025
-12.07295
-12.21417
-12.29919
-12.32452
-12.28809
-12.18951
-12.03001
-11.81252
-11.54148
-11.22266
-10.86285
-10.46954
-10.05059
-9.613928
-9.167235
-8.717722
-8.271953
-7.83572
-7.413985
-7.010853
-6.629605
-6.272741
-5.942058
-5.638728
-5.363395
-5.11626
-4.897171
-4.705702
-4.541226
-4.402979
-4.290117
-4.201761
-4.137037
-4.095105
-4.075187
-4.076582
-4.098679
-4.140971
-4.20305
-4.284618
-4.385475
-4.505521
-4.644743
-4.803203
-4.981024
-5.178369
-5.395419
-5.632345
-5.889273
-6.166243
-6.463166
-6.779766
-7.11552
-7.46959
-7.840743
-8.227274
-8.62692
-9.036779
-9.453237
-9.871909
-10.28761
-10.69435
-11.08541
-11.45341
-11.79055
-12.0888
-12.34023
-12.53739
-12.67371
-12.74387
-12.74415
-12.67274
-12.52989
-12.31794
-12.04126
-11.70597
-11.31965
-10.89094
-10.42908
-9.943514
-9.443476
-8.937696
-8.434136
-7.939822
-7.460756
-7.001881
-6.56711
-6.159387
-5.780781
-5.432595
-5.115475
-4.82953
-4.574441
-4.349557
-4.15399
-3.986691
-3.84652
-3.732301
-3.642868
-3.577102
-3.533963
-3.512507
-3.511904
-3.531451
-3.570576
-3.628842
-3.705947
-3.801719
-3.916114
-4.049209
-4.201187
-4.372328
-4.562996
-4.773614
-5.004645
-5.256563
-5.529816
-5.824789
-6.141751
-6.480798
-6.841781
-7.22423
-7.627257
-8.049461
-8.488813
-8.942549
-9.407056
-9.877778
-10.34914
-10.81451
-11.26623
-11.6957
-12.09359
-12.45008
-12.75526
-12.9996
-13.17449
-13.27275
-13.28914
-13.2208
-13.06751
-12.83177
-12.51867
-12.13567
-11.69207
-11.19852
-10.66642
-10.10737
-9.532601
-8.952627
-8.376898
-7.813614
-7.269627
-6.750438
-6.260247
-5.802063
-5.377839
-4.988617
-4.634684
-4.315719
-4.030931
-3.779178
-3.559079
-3.369105
-3.207653
-3.07311
-2.963905
-2.878545
-2.815645
-2.773951
-2.752355
-2.749903
-2.765802
-2.799421
-2.850293
-2.918112
-3.002727
-3.104142
-3.222504
-3.358103
-3.511356
-3.682805
-3.8731
-4.082988
-4.313295
-4.564904
-4.838728
-5.135677
-5.456616
-5.802307
-6.173351
-6.570105
-6.992583
-7.440348
-7.912378
-8.40692
-8.921329
-9.451906
-9.993734
-10.54054
-11.08461
-11.61676
-12.12638
-12.6017
-13.03006
-13.39849
-13.6943
-13.90589
-14.0235
-14.04003
-13.9516
-13.75803
-13.46288
-13.0733
-12.59956
-12.05432
-11.45184
-10.80709
-10.13498
-9.449625
-8.763861
-8.088888
-7.434076
-6.806927
-6.213139
-5.656747
-5.140317
-4.665152
-4.231515
-3.838839
-3.485914
-3.171064
-2.892289
-2.647393
-2.434082
-2.250044
-2.093018
-1.960835
-1.851459
-1.763005
-1.693761
-1.642195
-1.606958
-1.586882
-1.580985
-1.588457
-1.608661
-1.641123
-1.685529
-1.741715
-1.809666
-1.889507
-1.981504
-2.086053
-2.203685
-2.335061
-2.48097
-2.642327
-2.820172
-3.015667
-3.230094
-3.464842
-3.721406
-4.001364
-4.306359
-4.638069
-4.998164
-5.388247
-5.809783
-6.264001
-6.751768
-7.273433
-7.828642
-8.416112
-9.033369
-9.67647
-10.3397
-11.01529
-11.69318
-12.3609
-13.00358
-13.60418
-14.14407
-14.60382
-14.96432
-15.2082
-15.32121
-15.29358
-15.1211
-14.80565
-14.35517
-13.78308
-13.10713
-12.348
-11.52776
-10.66841
-9.790682
-8.913141
-8.051633
-7.219029
-6.42523
-5.677344
-4.979989
-4.335643
-3.745021
-3.207434
-2.721118
-2.283527
-1.891571
-1.541825
-1.230685
-0.954499
-0.709658
-0.4926691
-0.300202
-0.1291205
0.0235002
0.1603676
0.2839731
0.3965992
0.5003327
0.597079
0.6885801
0.7764321
0.8621045
0.9469587
1.032267
1.11923
1.208994
1.302668
1.401341
1.506095
1.61802
1.738227
1.867865
2.008127
2.160269
2.325611
2.505557
2.701593
2.915299
3.14835
3.402513
3.679647
3.981683
4.31061
4.668437
5.057151
5.478648
5.934646
6.426566
6.955384
7.521436
8.124191
8.761965
9.431608
10.12815
10.84444
11.57083
12.29489
13.00134
13.67216
14.287
14.82403
15.26108
15.57719
15.75435
15.77918
15.64438
15.34965
14.90193
14.3148
13.60734
12.80247
11.92507
11.00023
10.05175
9.100979
8.166137
7.261979
6.399804
5.587658
4.8307
4.131627
3.49112
2.908268
2.380958
1.906203
1.480429
1.099699
0.7598965
0.4568637
0.1865051
-0.0551376
-0.2718352
-0.4671406
-0.6443723
-0.8066103
-0.9567004
-1.097266
-1.230723
-1.359299
-1.485055
-1.609905
-1.735638
-1.863943
-1.996424
-2.134627
-2.280053
-2.434176
-2.598464
-2.774385
-2.963424
-3.16709
-3.386921
-3.624487
-3.881385
-4.159235
-4.459655
-4.784246
-5.134549
-5.511994
-5.917838
-6.353073
-6.81832
-7.313691
-7.838628
-8.39171
-8.97044
-9.571007
-10.18806
-10.81446
-11.44115
-12.05704
-12.64904
-13.20233
-13.70077
-14.12761
-14.46639
-14.70205
-14.82208
-14.81764
-14.6844
-14.42311
-14.03962
-13.5445
-12.95224
-12.28014
-11.54706
-10.77224
-9.974208
-9.169962
-8.374387
-7.599939
-6.856552
-6.151709
-5.490639
-4.876585
-4.311104
-3.79437
-3.32547
-2.902658
-2.523595
-2.185533
-1.885485
-1.620345
-1.386994
-1.182377
-1.003554
-0.847743
-0.7123441
-0.5949527
-0.4933663
-0.4055829
-0.3297955
-0.2643828
-0.2078978
-0.1590551
-0.1167168
-0.0798793
-0.047659
-0.01927954
0.005940847
0.02860109
0.04922818
0.06828719
0.08619052
0.1033063
0.1199657
0.1364705
0.1530987
0.1701106
0.187754
0.2062689
0.2258923
0.2468621
0.2694215
0.2938227
0.3203308
0.3492278
0.3808165
0.4154243
0.453408
0.495158
0.5411028
0.5917149
0.6475158
0.7090823
0.7770533
0.8521368
0.9351181
1.026868
1.128353
1.240645
1.36493
1.502525
1.654886
1.82362
2.010502
2.217483
2.446705
2.700507
2.981433
3.292229
3.635842
4.015392
4.434139
4.895423
5.402571
5.958762
6.566841
7.229059
7.946727
8.719782
9.546229
10.42148
11.33763
12.28264
13.23965
14.1864
15.09519
15.93328
16.66432
17.25055
17.65599
17.85013
17.81163
17.53122
17.01326
16.27547
15.34694
14.26482
13.07042
11.80543
10.50876
9.214403
7.950244
6.737724
5.592143
4.523348
3.536594
2.633459
1.812704
1.071024
0.4036858
-0.1949658
-0.7311052
-1.211124
-1.64141
-2.028187
-2.377404
-2.694671
-2.985215
-3.253866
-3.505052
-3.742808
-3.970795
-4.192315
-4.410338
-4.62752
-4.846227
-5.068548
-5.296312
-5.5311
-5.774243
-6.026827
-6.289684
-6.56338
-6.848198
-7.144109
-7.450748
-7.767378
-8.092852
-8.425581
-8.763494
-9.104014
-9.444039
-9.77994
-10.10758
-10.42237
-10.71932
-10.9932
-11.23862
-11.45028
-11.62313
-11.75263
-11.83495
-11.86717
-11.84751
-11.77541
-11.65161
-11.47815
-11.2583
-10.99639
-10.69766
-10.368
-10.01372
-9.641266
-9.257066
-8.867265
-8.477599
-8.093265
-7.718848
-7.358278
-7.014828
-6.69113
-6.38922
-6.110589
-5.85625
-5.626803
-5.422504
-5.243334
-5.089053
-4.959264
-4.853455
-4.771049
-4.711433
-4.673995
-4.658143
-4.663325
-4.689044
-4.734865
-4.800422
-4.885414
-4.989609
-5.112832
-5.254956
-5.41589
-5.595559
-5.793886
-6.01076
-6.246012
-6.499372
-6.770437
-7.058616
-7.363084
-7.682726
-8.016076
-8.36126
-8.715934
-9.077234
-9.441735
-9.80542
-10.16368
-10.51134
-10.84272
-11.15178
-11.4322
-11.67766
-11.88204
-12.03969
-12.14572
-12.19628
-12.18878
-12.12208
-11.99661
-11.81436
-11.57882
-11.29483
-10.9683
-10.60601
-10.21522
-9.803432
-9.378049
-8.946178
-8.514407
-8.08867
-7.674157
-7.275267
-6.895612
-6.538043
-6.204708
-5.897123
-5.61625
-5.362584
-5.13623
-4.93699
-4.764429
-4.617944
-4.49682
-4.400278
-4.327519
-4.277757
-4.250244
-4.244293
-4.259294
-4.294722
-4.350146
-4.425229
-4.519728
-4.633489
-4.766439
-4.918575
-5.089946
-5.280643
-5.490765
-5.720399
-5.969588
-6.238285
-6.526318
-6.833332
-7.158734
-7.501624
-7.860731
-8.234332
-8.620179
-9.015426
-9.416562
-9.819364
-10.21887
-10.60939
-10.98456
-11.33744
-11.66069
-11.94681
-12.18839
-12.37849
-12.51097
-12.58083
-12.58459
-12.52048
-12.38864
-12.19114
-11.93192
-11.61657
-11.25206
-10.84638
-10.40813
-9.946154
-9.469159
-8.985438
-8.502612
-8.027467
-7.565857
-7.122659
-6.701791
-6.306261
-5.938243
-5.599172
-5.289853
-5.010559
-4.761138
-4.541104
-4.349728
-4.186109
-4.049245
-3.938082
-3.851565
-3.788674
-3.748451
-3.730024
-3.732625
-3.755599
-3.798411
-3.860651
-3.942032
-4.042389
-4.16167
-4.299933
-4.457329
-4.63409
-4.830515
-5.046942
-5.283728
-5.541212
-5.819683
-6.119329
-6.440189
-6.782087
-7.144561
-7.526783
-7.927469
-8.34478
-8.776223
-9.218552
-9.66768
-10.11861
-10.56539
-11.00114
-11.4181
-11.8078
-12.16125
-12.46931
-12.72303
-12.91414
-13.03554
-13.08171
-13.0492
-12.93683
-12.74591
-12.48016
-12.14555
-11.74997
-11.30272
-10.81409
-10.29476
-9.755347
-9.205995
-8.656028
-8.113723
-7.586178
-7.079255
-6.5976
-6.144709
-5.723038
-5.334122
-4.978721
-4.656946
-4.368396
-4.112277
-3.887508
-3.692816
-3.526813
-3.388065
-3.275147
-3.186679
-3.121371
-3.078036
-3.055619
-3.053201
-3.070016
-3.105445
-3.159027
-3.230452
-3.319558
-3.426331
-3.550893
-3.693495
-3.85451
-4.03442
-4.233797
-4.453295
-4.693617
-4.955497
-5.239661
-5.54679
-5.877467
-6.232117
-6.610933
-7.013791
-7.440143
-7.888905
-8.358325
-8.845847
-9.347965
-9.86009
-10.37643
-10.88994
-11.39225
-11.8738
-12.32396
-12.73137
-13.08435
-13.37146
-13.58212
-13.70736
-13.74042
-13.67732
-13.51729
-13.26283
-12.9197
-12.49649
-12.00411
-11.45506
-10.86276
-10.24075
-9.602116
-8.958954
-8.322031
-7.700554
-7.102081
-6.532543
-5.996331
-5.496449
-5.034683
-4.611797
-4.227716
-3.881706
-3.57253
-3.298595
-3.058073
-2.848996
-2.669348
-2.517125
-2.390387
-2.2873
-2.206164
-2.145429
-2.103715
-2.079812
-2.072687
-2.081487
-2.105531
-2.14431
-2.197484
-2.264872
-2.346455
-2.44236
-2.552868
-2.678397
-2.819505
-2.976884
-3.151349
-3.343839
-3.5554
-3.787183
-4.040419
-4.316407
-4.616483
-4.941988
-5.294218
-5.674366
-6.083447
-6.5222
-6.99097
-7.489564
-8.017083
-8.571723
-9.150558
-9.749314
-10.36214
-10.98139
-11.59753
-12.19903
-12.77249
-13.30295
-13.77436
-14.17035
-14.47514
-14.67467
-14.75771
-14.71686
-14.5493
-14.25719
-13.84763
-13.33208
-12.72555
-12.04548
-11.3105
-10.53932
-9.749752
-8.957944
-8.177895
-7.421207
-6.697028
-6.012159
-5.371263
-4.777129
-4.230972
-3.732721
-3.281303
-2.874881
-2.511082
-2.187171
-1.900203
-1.647147
-1.424973
-1.230725
-1.06157
-0.914837
-0.7880385
-0.678881
-0.585271
-0.5053139
-0.4373067
-0.3797299
-0.3312362
-0.2906379
-0.2568943
-0.2290988
-0.206466
-0.1883196
-0.174081
-0.1632591
-0.1554402
-0.1502795
-0.1474934
-0.1468525
-0.1481759
-0.1513254
-0.1562019
-0.1627413
-0.1709113
-0.1807096
-0.1921614
-0.2053185
-0.2202587
-0.2370849
-0.2559259
-0.2769365
-0.3002985
-0.3262226
-0.3549496
-0.3867534
-0.4219429
-0.460866
-0.5039127
-0.5515197
-0.604175
-0.6624235
-0.7268728
-0.7981999
-0.8771592
-0.9645901
-1.061426
-1.168707
-1.287584
-1.419339
-1.56539
-1.727308
-1.906831
-2.105873
-2.326539
-2.571137
-2.842185
-3.142413
-3.474762
-3.842367
-4.248532
-4.696673
-5.190245
-5.73262
-6.326919
-6.975774
-7.681013
-8.443241
-9.261315
-10.1317
-11.04771
-11.99873
-12.96937
-13.93883
-14.88061
-15.76271
-16.54872
-17.19984
-17.67787
-17.94895
-17.98752
-17.7797
-17.32548
-16.639
-15.74704
-14.68588
-13.49731
-12.22457
-10.90882
-9.586636
-8.288445
-7.038024
-5.852658
-4.743778
-3.717838
-2.777277
-1.921421
-1.147308
-0.4503653
0.1750262
0.7350981
1.236361
1.685358
2.088489
2.45189
2.781357
3.082294
3.359697
3.618147
3.861815
4.094478
4.319542
4.540056
4.758743
4.978015
5.199991
5.426515
5.659165
5.899259
6.147855
6.405748
6.673456
6.951209
7.238925
7.536186
7.842208
8.155812
8.475394
8.798898
9.123794
9.447075
9.765256
10.0744
10.37019
10.64796
10.90286
11.12997
11.32446
11.48178
11.59789
11.66943
11.6939
11.66982
11.59685
11.47581
11.30871
11.09862
10.8496
10.5665
10.25474
9.92014
9.568647
9.206172
8.838399
8.470644
8.107749
7.754004
7.413117
7.088196
6.781773
6.49583
6.231851
5.990878
5.773566
5.580247
5.410991
5.265658
5.14395
5.045458
4.969699
4.916153
4.884288
4.873584
4.883549
4.913736
4.963744
5.033226
5.121891
5.229494
5.355837
5.500749
5.664078
5.84567
6.045346
6.262876
6.497945
6.750122
7.018814
7.303227
7.602311
7.914713
8.238723
8.572223
8.912639
9.256904
9.60143
9.942104
10.2743
10.59295
10.89259
11.16753
11.41199
11.62029
11.78713
11.90778
11.97833
11.99596
11.95905
11.86736
11.72205
11.52565
11.28198
10.99596
10.67336
10.3206
9.944424
9.551676
9.149046
8.742875
8.338997
7.942634
7.558324
7.1899
6.840495
6.512572
6.207984
5.92803
5.673533
5.444911
5.242248
5.065368
4.913894
4.787303
4.684983
4.606266
4.550474
4.516937
4.505026
4.514164
4.543839
4.593617
4.663138
4.752124
4.860367
4.98773
5.134129
5.299525
5.483902
5.687243
5.909509
6.150604
6.410335
6.688376
6.984214
7.297097
7.625977
7.969442
8.325653
8.692282
9.066447
9.444664
9.822814
10.19613
10.55924
10.90617
11.23055
11.52569
11.78484
12.00141
12.16932
12.28327
12.33902
12.33373
12.26608
12.13646
11.94692
11.70118
11.40437
11.06283
10.68377
10.27495
9.844346
9.399831
8.948922
8.498563
8.054975
7.623569
7.208897
6.814665
6.443765
6.09834
5.779864
5.489233
5.226854
4.992732
4.786562
4.607798
4.455728
4.329533
4.228336
4.151246
4.097396
4.065965
4.056204
4.067451
4.099141
4.15081
4.222103
4.312769
4.42266
4.551718
4.699972
4.867519
5.054511
5.26113
5.487565
5.733978
6.000474
6.28705
6.59355
6.919608
7.264577
7.627461
8.006835
8.40076
8.806701
9.221443
9.641028
10.0607
10.47491
10.87728
11.26076
11.61771
11.94014
12.21996
12.44937
12.62121
12.72934
12.76908
12.73752
12.63374
12.45891
12.21634
11.91122
11.55045
11.14217
10.6954
10.2196
9.724209
9.218336
8.710434
8.208103
7.717945
7.245509
6.795283
6.370741
5.974424
5.608038
5.272569
4.968398
4.695414
4.453125
4.240749
4.057303
3.901675
3.77269
3.66916
3.589924
3.533885
3.500034
3.48747
3.495412
3.523207
3.570341
3.636431
3.721232
3.82463
3.946634
4.08737
4.247071
4.426059
4.624733
4.843545
5.082979
5.343516
5.625599
5.929589
6.255712
6.603995
6.974193
7.365704
7.777472
8.207884
8.654655
9.114715
9.584105
10.05788
10.53005
10.99355
11.44032
11.8614
12.24716
12.58763
12.87289
13.09361
13.24157
13.3102
13.29507
13.19426
13.00856
12.74151
12.39918
11.98984
11.52346
11.01115
10.46451
9.895166
9.314197
8.731809
8.157051
7.597659
7.059997
6.549077
6.068638
5.621268
5.208548
4.831199
4.489243
4.182145
3.908947
3.668382
3.458982
3.279162
3.127289
3.001745
2.900965
2.823481
2.76794
2.733131
2.71799
2.721612
2.743258
2.78235
2.838472
2.911373
3.000952
3.107264
3.230506
3.371014
3.529251
3.705801
3.901356
4.1167
4.352691
4.61024
4.890283
5.193742
5.521484
5.874262
6.252648
6.656951
7.08711
7.542584
8.022208
8.524046
9.045226
9.58177
10.12844
10.67859
11.2241
11.75538
12.26143
12.73011
13.14851
13.50351
13.78247
13.97401
14.06883
14.06046
13.94584
13.72568
13.40449
12.99032
12.49422
11.92947
11.31075
10.65323
9.971842
9.280557
8.59194
7.916832
7.264198
6.64112
6.052884
5.503141
4.99411
4.526793
4.1012
3.716554
3.371479
3.064171
2.792535
2.554308
2.347151
2.168732
2.016778
1.889123
1.783742
1.69877
1.632514
1.583467
1.550305
1.531886
1.52725
1.535611
1.556354
1.589022
1.633319
1.689096
1.756349
1.835213
1.92596
2.028994
2.144851
2.274193
2.417812
2.576623
2.751669
2.944114
3.155243
3.386454
3.639249
3.915225
4.216048
4.54343
4.899084
5.284679
5.701761
6.151663
6.635387
7.153451
7.705708
8.29112
8.907505
9.551248
10.217
10.89736
11.58267
12.26078
12.91707
13.53465
14.0948
14.5778
14.964
15.2352
15.3761
15.37575
15.2287
14.93567
14.50365
13.94537
13.27825
12.52295
11.70183
10.83739
9.951049
9.062089
8.187093
7.339619
6.530174
5.766377
5.053252
4.393588
3.788322
3.236912
2.737679
2.288107
1.885103
1.525205
1.204751
0.9200187
0.6673175
0.4430679
0.2438507
0.06644056
-0.09217528
-0.2347894
-0.3639754
-0.4820953
-0.5913119
-0.6936039
-0.7907838
-0.8845163
-0.9763377
-1.067675
-1.159867
-1.254178
-1.351822
-1.453976
-1.561798
-1.676439
-1.799064
-1.930861
-2.073056
-2.226925
-2.393803
-2.575096
-2.772287
-2.986943
-3.220716
-3.475342
-3.752635
-4.054476
-4.382786
-4.739498
-5.126506
-5.5456
-5.998379
-6.486131
-7.009687
-7.569234
-8.164089
-8.792428
-9.450984
-10.13471
-10.83647
-11.54667
-12.25313
-12.94092
-13.59255
-14.18842
-14.70754
-15.12876
-15.43214
-15.60062
-15.62159
-15.48825
-15.20046
-14.76488
-14.19452
-13.50761
-12.72603
-11.8736
-10.9744
-10.0513
-9.124963
-8.213067
-7.330036
-6.486987
-5.691926
-4.950069
-4.264247
-3.635321
-3.062588
-2.544153
-2.07725
-1.658518
-1.284219
-0.9504253
-0.6531492
-0.3884525
-0.1525197
0.05829002
0.2474104
0.41805
0.5731869
0.715571
0.8477341
0.9720037
1.090521
1.205258
1.318043
1.430576
1.544455
1.66119
1.78223
1.908977
2.042806
2.185082
2.33717
2.500459
2.676363
2.866339
3.07189
3.29457
3.535989
3.797804
4.08171
4.389426
4.722663
5.08309
5.472274
5.891614
6.342243
6.824906
7.339819
7.886476
8.463448
9.068132
9.696488
10.34277
10.99927
11.65612
12.30118
12.92012
13.49665
14.01304
14.45096
14.79251
15.02148
15.12471
15.09325
14.92339
14.61708
14.18192
13.63059
12.97983
12.24913
11.45933
10.63124
9.784568
8.937045
8.103886
7.297546
6.527692
5.801358
5.123204
4.495845
3.920192
3.39579
2.92113
2.493924
2.111339
1.770194
1.467116
1.19867
0.9614472
0.7521385
0.5675848
0.4048084
0.2610328
0.1336911
0.02042671
-0.08091211
-0.1722826
-0.2554603
-0.3320544
-0.4035238
-0.4711941
-0.5362745
-0.5998749
-0.6630215
-0.7266732
-0.7917359
-0.8590775
-0.9295409
-1.003958
-1.08316
-1.167992
-1.259325
-1.358063
-1.465158
-1.581619
-1.708525
-1.847032
-1.998383
-2.163923
-2.345102
-2.543483
-2.760752
-2.998718
-3.259316
-3.544597
-3.856722
-4.197937
-4.570542
-4.976838
-5.419059
-5.899271
-6.419242
-6.980266
-7.582944
-8.22691
-8.910491
-9.630324
-10.38093
-11.15424
-11.93922
-12.72152
-13.48334
-14.20359
-14.85848
-15.42251
-15.87005
-16.17725
-16.32425
-16.29719
-16.08994
-15.70489
-15.15297
-14.45261
-13.62803
-12.70704
-11.71871
-10.69139
-9.651036
-8.620173
-7.617297
-6.656759
-5.748953
-4.900716
-4.115843
-3.395624
-2.739372
-2.144903
-1.60895
-1.127506
-0.6961102
-0.310064
0.03539644
0.3449757
0.62323
0.8745065
1.102906
1.312266
1.50615
1.68786
1.860441
2.026705
2.189248
2.350473
2.512614
2.677758
2.847868
3.024803
3.210336
3.406169
3.613947
3.835265
4.071672
4.324668
4.595702
4.886149
5.197295
5.530296
5.886134
6.265563
6.669026
7.09657
7.547735
8.02143
8.51579
9.028026
9.554273
10.08944
10.62711
11.15943
11.67716
12.16976
12.6256
13.03237
13.37756
13.64914
13.83629
13.93017
13.92459
13.8166
13.60679
13.29935
12.90184
12.42467
11.88043
11.28305
10.64706
9.986766
9.31566
8.64594
7.988194
7.35125
6.742146
6.166202
5.627162
5.127378
4.668015
4.249258
3.870511
3.53058
3.227832
2.960335
2.72598
2.522567
2.34789
2.199795
2.07622
1.975239
1.895074
1.834118
1.790941
1.764293
1.753107
1.756494
1.773742
1.804307
1.847812
1.904036
1.972913
2.054527
2.149103
2.257008
2.378744
2.514948
2.666387
2.833954
3.018669
3.221669
3.444202
3.687621
3.953365
4.242944
4.557908
4.899814
5.270171
5.67038
6.101646
6.564873
7.060526
7.588468
8.147762
8.736445
9.351272
9.987446
10.63835
11.29532
11.94747
12.58166
13.18264
13.73343
14.21594
14.61192
14.9041
15.07753
15.12081
15.0273
14.79578
14.43078
13.94226
13.34483
12.65662
11.89783
11.08941
10.25176
9.40375
8.562002
7.740489
6.950394
6.20017
5.495748
4.84083
4.23723
3.685213
3.183823
2.731179
2.324731
1.961476
1.63814
1.351316
1.097576
0.8735584
0.6760215
0.5018907
0.3482826
0.2125193
0.09213388
-0.01513253
-0.1113382
-0.1983523
-0.2778688
-0.3514225
-0.420405
-0.4860822
-0.5496108
-0.6120549
-0.6744016
-0.7375769
-0.8024599
-0.8698968
-0.9407142
-1.015732
-1.095775
-1.181685
-1.274334
-1.37463
-1.483535
-1.602069
-1.731326
-1.872481
-2.026801
-2.195652
-2.380514
-2.58298
-2.804768
-3.047723
-3.31381
-3.605119
-3.923839
-4.272244
-4.652652
-5.067372
-5.518623
-6.008437
-6.538507
-7.110013
-7.723381
-8.377993
-9.071844
-9.801132
-10.55982
-11.3392
-12.12744
-12.90936
-13.6663
-14.37637
-15.01514
-15.55678
-15.97572
-16.24867
-16.35687
-16.28803
-16.03792
-15.61098
-15.02009
-14.28535
-13.43219
-12.48907
-11.48525
-10.44879
-9.405048
-8.375719
-7.37839
-6.426486
-5.529535
-4.693607
-3.921838
-3.21498
-2.571926
-1.990166
-1.4662
-0.995859
-0.5745781
-0.1976034
0.1398498
0.4424805
0.7148202
0.9611787
1.185612
1.391907
1.583578
1.763877
1.935804
2.102125
2.265399
2.427994
2.592114
2.759822
2.933059
3.113667
3.303403
3.503956
3.716956
3.943985
4.186572
4.446197
4.724274
5.02214
5.34102
5.681996
6.045952
6.43351
6.844954
7.280125
7.738315
8.218131
8.717357
9.232797
9.760132
10.29378
10.82682
11.3509
11.85635
12.33225
12.7668
13.14767
13.46263
13.70018
13.85031
13.90527
13.86015
13.71339
13.46698
13.12638
12.70022
12.19971
11.63788
11.02883
10.38691
9.72604
9.05912
8.397655
7.751491
7.128715
6.535664
5.977022
5.455984
4.97444
4.533183
4.132109
3.77041
3.446741
3.15938
2.906352
2.685538
2.494762
2.331864
2.194749
2.081434
1.990071
1.918973
1.866621
1.831677
1.812981
1.809556
1.820602
1.845492
1.883766
1.935129
1.999441
2.076717
2.167115
2.27094
2.388633
2.520774
2.668071
2.831365
3.01162
3.209918
3.427459
3.665541
3.925556
4.208967
4.51728
4.852016
5.214656
5.606586
6.029012
6.482862
6.968655
7.48635
8.035153
8.613303
9.217828
9.844284
10.48649
11.1363
11.78343
12.41538
13.01756
13.57359
14.06588
14.47649
14.7882
14.98577
15.05722
14.99494
14.79654
14.46523
14.00962
13.44308
12.78268
12.04789
11.25921
10.43688
9.599883
8.765146
7.947086
7.157406
6.405109
5.696667
5.03629
4.426244
3.867189
3.358502
2.898574
2.485075
2.115172
1.785721
1.49341
1.234879
1.00681
0.8059888
0.6293571
0.4740372
0.3373524
0.2168336
0.1102193
0.01544983
-0.06934271
-0.1458473
-0.2155885
-0.2799425
-0.3401527
-0.3973467
-0.4525515
-0.5067092
-0.5606919
-0.6153153
-0.6713527
-0.7295469
-0.7906231
-0.8552997
-0.9242996
-0.9983609
-1.078247
-1.164758
-1.258737
-1.361086
-1.472771
-1.594834
-1.728403
-1.8747
-2.035054
-2.210909
-2.403831
-2.615515
-2.847794
-3.102636
-3.382146
-3.688554
-4.0242
-4.391503
-4.792922
-5.230882
-5.707691
-6.22541
-6.785687
-7.38954
-8.037084
-8.727189
-9.457085
-10.2219
-11.01416
-11.82334
-12.63543
-13.4327
-14.19378
-14.89409
-15.5068
-16.0044
-16.36071
-16.55321
-16.56537
-16.38867
-16.02369
-15.48033
-14.77692
-13.93838
-12.9939
-11.97439
-10.91022
-9.829373
-8.756179
-7.710676
-6.708425
-5.760704
-4.874945
-4.055281
-3.303145
-2.617844
-1.997077
-1.437383
-0.9345176
-0.483756
-0.08012608
0.2814098
0.605822
0.8979192
1.162286
1.403243
1.62483
1.830796
2.024612
2.209475
2.388333
2.563904
2.738698
2.915042
3.095101
3.2809
3.474342
3.677225
3.891256
4.118055
4.359162
4.616034
4.890036
5.182423
5.494318
5.826673
6.180226
6.555436
6.952415
7.370838
7.80984
8.267908
8.742748
9.231167
9.72895
10.23075
10.73004
11.21906
11.68891
12.1297
12.5308
12.88122
13.17015
13.38748
13.5245
13.57443
13.53306
13.39905
13.17412
12.86308
12.47343
12.015
11.49929
10.93878
10.34631
9.734424
9.114892
8.498328
7.893949
7.309451
6.750994
6.223268
5.729603
5.272138
4.851978
4.469379
4.123913
3.814623
3.540168
3.298936
3.089154
2.908966
2.75651
2.629966
2.527599
2.447794
2.389076
2.350125
2.329787
2.327079
2.34119
2.371483
2.417489
2.478906
2.555592
2.647565
2.754992
2.878186
3.017601
3.173824
3.347568
3.539664
3.751047
3.982748
4.235871
4.511572
4.811031
5.135412
5.485812
5.863203
6.268351
6.701718
7.163349
7.652726
8.168612
8.708863
9.270231
9.848161
10.4366
11.02783
11.61238
12.17903
12.71497
13.20607
13.63745
13.99418
14.26212
14.42894
14.48508
14.42462
14.24585
13.95157
13.54894
13.04901
12.46587
11.8157
11.11568
10.383
9.633969
8.883424
8.14424
7.427129
6.740591
6.090996
5.482764
4.918606
4.399779
3.926353
3.497459
3.111515
2.766425
2.459746
2.18883
1.950933
1.743307
1.563266
1.408238
1.275799
1.163695
1.069861
0.9924207
0.929693
0.8801855
0.8425892
0.8157696
0.7987577
0.7907398
0.7910476
0.7991482
0.8146359
0.8372233
0.8667346
0.9030991
0.946347
0.9966048
1.054093
1.119125
1.192107
1.273537
1.364008
1.464212
1.574941
1.697092
1.831676
1.979817
2.142763
2.32189
2.518708
2.734863
2.972141
3.232465
3.517891
3.830592
4.172842
4.546975
4.955338
5.400221
5.883751
6.407762
6.973618
7.581984
8.232546
8.923665
9.651977
10.41195
11.19541
11.99111
12.7844
13.55706
14.28747
14.95121
15.52211
15.97383
16.28195
16.42614
16.3924
16.17465
15.7757
15.20711
14.48815
13.64394
12.70313
11.69558
10.65022
9.593445
8.548008
7.532496
6.561223
5.644461
4.788866
3.998023
3.272999
2.612891
2.01531
1.476799
0.9931875
0.5598649
0.1720074
-0.1752592
-0.4867324
-0.7670472
-1.020618
-1.251603
-1.463887
-1.661078
-1.846514
-2.023273
-2.194196
-2.361904
-2.528824
-2.697211
-2.86917
-3.046678
-3.231606
-3.42573
-3.630754
-3.848309
-4.07997
-4.32725
-4.591595
-4.874376
-5.176865
-5.500205
-5.845373
-6.213121
-6.603912
-7.017838
-7.454517
-7.912981
-8.391548
-8.88768
-9.397844
-9.917376
-10.44036
-10.95958
-11.46648
-11.95125
-12.40304
-12.81026
-13.16104
-13.44379
-13.64791
-13.76447
-13.78689
-13.71148
-13.53785
-13.26896
-12.91107
-12.47325
-11.96688
-11.40485
-10.80087
-10.16869
-9.521496
-8.871421
-8.229173
-7.603851
-7.002867
-6.431982
-5.895405
-5.395958
-4.935257
-4.513905
-4.131682
-3.787727
-3.480696
-3.208905
-2.970447
-2.763295
-2.585382
-2.434664
-2.309172
-2.207049
-2.126576
-2.066192
-2.024505
-2.000299
-1.992537
-2.000358
-2.023077
-2.060182
-2.111325
-2.176323
-2.255146
-2.347919
-2.454911
-2.576535
-2.713341
-2.866012
-3.035362
-3.222324
-3.427948
-3.65339
-3.899898
-4.168796
-4.461459
-4.779284
-5.123645
-5.495843
-5.897031
-6.328129
-6.789709
-7.281863
-7.804033
-8.354824
-8.931788
-9.531185
-10.14775
-10.77445
-11.40233
-12.0204
-12.61567
-13.17338
-13.67739
-14.11089
-14.45731
-14.70137
-14.83029
-14.83487
-14.71044
-14.45737
-14.08117
-13.59215
-13.00461
-12.33575
-11.60445
-10.83001
-10.03112
-9.224944
-8.42657
-7.648659
-6.901334
-6.192254
-5.526795
-4.908323
-4.338491
-3.817547
-3.344628
-2.918026
-2.535418
-2.194065
-1.890977
-1.623039
-1.38712
-1.180144
-0.9991516
-0.8413393
-0.7040838
-0.5849578
-0.4817362
-0.3923951
-0.315106
-0.2482269
-0.1902908
-0.1399929
-0.09617648
-0.05781944
-0.02402006
0.006016155
0.03298922
0.05751664
0.08014452
0.1013579
0.12159
0.1412312
0.1606365
0.1801331
0.2000268
0.2206079
0.2421571
0.2649507
0.2892652
0.3153823
0.3435933
0.3742038
0.4075377
0.4439422
0.4837923
0.5274955
0.575497
0.6282854
0.686398
0.7504278
0.8210296
0.8989278
0.9849245
1.079908
1.184862
1.300876
1.429157
1.571039
1.727996
1.901655
2.093807
2.306419
2.541643
2.801827
3.089516
3.407449
3.758548
4.145896
4.572692
5.042182
5.557561
6.121827
6.737578
7.406743
8.130221
8.90743
9.735744
10.60984
11.52096
12.45618
13.39774
14.32265
15.20267
16.00504
16.69392
17.23279
17.58769
17.73073
17.64357
17.31995
16.76683
16.00378
15.0608
13.97499
12.78676
11.53632
10.26081
8.992344
7.75708
6.574953
5.460046
4.421273
3.463225
2.587042
1.791222
1.072342
0.4256467
-0.1544653
-0.6740694
-1.13943
-1.556789
-1.932221
-2.271529
-2.580179
-2.86327
-3.125511
-3.371225
-3.604356
-3.828487
-4.046861
-4.2624
-4.477731
-4.695203
-4.916902
-5.144674
-5.380124
-5.624627
-5.879324
-6.145115
-6.422647
-6.712289
-7.014112
-7.327852
-7.652871
-7.98812
-8.332093
-8.682785
-9.037653
-9.393592
-9.74692
-10.09339
-10.42821
-10.74616
-11.04163
-11.30885
-11.542
-11.7355
-11.88422
-11.98374
-12.0306
-12.02252
-11.95854
-11.83913
-11.66618
-11.44296
-11.17397
-10.8647
-10.52144
-10.15093
-9.760161
-9.356055
-8.945279
-8.534048
-8.127989
-7.732061
-7.3505
-6.98682
-6.643831
-6.323688
-6.027951
-5.757656
-5.513391
-5.295373
-5.103518
-4.937509
-4.796862
-4.680973
-4.589169
-4.520748
-4.475009
-4.45128
-4.448939
-4.467427
-4.506261
-4.565035
-4.643428
-4.741199
-4.858181
-4.994274
-5.149431
-5.323646
-5.516929
-5.729284
-5.960682
-6.211023
-6.480102
-6.767559
-7.072826
-7.395077
-7.73316
-8.085529
-8.450184
-8.824596
-9.205654
-9.589612
-9.972066
-10.34795
-10.71156
-11.05667
-11.37661
-11.66449
-11.91342
-12.1168
-12.26863
-12.36382
-12.3985
-12.37028
-12.27843
-12.12395
-11.9096
-11.63974
-11.32012
-10.95762
-10.55988
-10.13495
-9.691009
-9.23598
-8.777339
-8.3219
-7.875686
-7.443861
-7.030706
-6.639637
-6.273265
-5.933462
-5.621453
-5.337909
-5.083038
-4.85668
-4.658387
-4.487501
-4.34322
-4.22466
-4.130896
-4.061008
-4.014114
-3.989391
-3.986098
-4.003588
-4.041319
-4.098858
-4.175881
-4.272174
-4.387624
-4.522216
-4.676018
-4.849167
-5.041852
-5.254294
-5.486713
-5.739305
-6.012195
-6.305398
-6.618766
-6.951925
-7.30421
-7.674585
-8.061564
-8.463124
-8.876614
-9.298677
-9.725177
-10.15115
-10.5708
-10.97751
-11.36395
-11.7222
-12.04403
-12.32114
-12.54558
-12.7101
-12.80863
-12.83661
-12.79138
-12.67235
-12.48114
-12.2215
-11.89915
-11.52144
-11.09697
-10.63513
-10.14566
-9.638222
-9.122031
-8.605581
-8.096439
-7.60112
-7.125043
-6.672537
-6.246904
-5.850506
-5.484873
-5.150823
-4.848583
-4.577905
-4.338171
-4.128494
-3.947802
-3.79491
-3.668581
-3.56758
-3.490711
-3.43685
-3.40497
-3.39416
-3.403634
-3.432743
-3.480976
-3.547962
-3.63347
-3.737402
-3.859789
-4.000782
-4.160642
-4.339724
-4.538463
-4.757355
-4.99693
-5.257725
-5.540245
-5.844921
-6.172057
-6.521769
-6.893907
-7.287973
-7.703022
-8.137554
-8.589399
-9.055596
-9.532276
-10.01457
-10.49651
-10.97105
-11.43003
-11.86435
-12.26417
-12.61919
-12.91913
-13.1542
-13.31567
-13.39648
-13.39171
-13.29901
-13.11885
-12.85457
-12.51218
-12.10003
-11.62827
-11.1083
-10.55212
-9.971716
-9.378606
-8.783386
-8.195462
-7.622877
-7.07225
-6.548789
-6.056377
-5.597694
-5.174369
-4.787141
-4.436017
-4.120423
-3.839349
-3.591463
-3.375225
-3.188971
-3.03099
-2.899584
-2.793112
-2.710028
-2.648909
-2.608472
-2.58759
-2.585295
-2.600787
-2.633434
-2.682768
-2.748488
-2.830449
-2.928663
-3.04329
-3.174634
-3.323132
-3.489352
-3.673974
-3.877788
-4.101672
-4.346577
-4.613501
-4.903462
-5.217458
-5.556422
-5.921156
-6.312266
-6.730065
-7.174464
-7.644849
-8.139932
-8.657582
-9.194655
-9.746812
-10.30835
-10.87208
-11.42922
-11.96943
-12.48096
-12.95087
-13.36556
-13.71133
-13.97518
-14.14568
-14.21378
-14.17362
-14.02311
-13.76414
-13.40261
-12.94798
-12.41266
-11.81112
-11.15899
-10.47213
-9.765828
-9.054201
-8.349708
-7.662911
-7.002374
-6.3747
-5.784663
-5.235397
-4.728626
-4.264895
-3.843801
-3.464205
-3.124423
-2.822386
-2.555784
-2.322175
-2.119079
-1.944048
-1.79472
-1.668862
-1.56439
-1.479397
-1.412155
-1.361126
-1.324956
-1.302477
-1.292698
-1.294801
-1.308131
-1.332193
-1.366639
-1.411265
-1.466003
-1.530918
-1.606203
-1.692174
-1.789271
-1.898057
-2.019212
-2.153541
-2.30197
-2.46555
-2.645454
-2.842979
-3.059548
-3.296698
-3.556082
-3.83945
-4.148634
-4.485516
-4.851993
-5.249918
-5.681025
-6.146832
-6.648506
-7.186708
-7.761381
-8.371511
-9.014835
-9.68752
-10.38382
-11.09573
-11.8127
-12.52145
-13.20594
-13.8476
-14.42593
-14.91936
-15.30658
-15.5681
-15.6879
-15.65505
-15.4649
-15.11975
-14.62876
-14.00725
-13.27529
-12.45609
-11.57415
-10.65367
-9.717164
-8.784546
-7.872542
-6.994497
-6.160439
-5.377337
-4.649477
-3.978878
-3.365722
-2.808757
-2.305653
-1.853318
-1.448148
-1.086243
-0.7635657
-0.4760694
-0.2197915
0.009081625
0.2141705
0.3988763
0.5663687
0.719584
0.8612312
0.993804
1.119597
1.240725
1.359141
1.476662
1.594986
1.715716
1.840376
1.970439
2.107338
2.252484
2.407286
2.573162
2.751551
2.943925
3.151795
3.376714
3.620283
3.884139
4.169948
4.479387
4.814114
5.175728
5.565713
5.985364
6.43569
6.917297
7.430236
7.973821
8.546427
9.145245
9.766034
10.40287
11.04788
11.69114
12.32053
12.92183
13.47907
13.97498
14.39189
14.7127
14.92211
15.0079
14.96205
14.7816
14.46903
14.03222
13.48382
12.84025
12.1205
11.34471
10.53295
9.704179
8.875416
8.061268
7.273686
6.521954
5.81283
5.150801
4.538392
3.976493
3.46468
3.001511
2.584795
2.211813
1.879507
1.584636
1.323891
1.093992
0.8917544
0.7141386
0.5582813
0.4215157
0.3013805
0.195621
0.1021847
0.01921174
-0.05497649
-0.1218917
-0.1828935
-0.2392056
-0.2919308
-0.3420669
-0.3905216
-0.4381268
-0.4856519
-0.5338172
-0.5833057
-0.6347748
-0.688867
-0.7462205
-0.8074789
-0.8733013
-0.944371
-1.021406
-1.105165
-1.196464
-1.296175
-1.405245
-1.524701
-1.655661
-1.799342
-1.957075
-2.130308
-2.320619
-2.529723
-2.759479
-3.011892
-3.289111
-3.593426
-3.927249
-4.293091
-4.693517
-5.131087
-5.608265
-6.127296
-6.690042
-7.297764
-7.950846
-8.648446
-9.388086
-10.16517
-10.97247
-11.79959
-12.63253
-13.45338
-14.24032
-14.96801
-15.60857
-16.13314
-16.51398
-16.72696
-16.75408
-16.58563
-16.22153
-15.67158
-14.95455
-14.09632
-13.12733
-12.07995
-10.98597
-9.874625
-8.771336
-7.696948
-6.667586
-5.694869
-4.786382
-3.946272
-3.175885
-2.474368
-1.839219
-1.266757
-0.7525111
-0.2915301
0.1213719
0.4914324
0.8238057
1.123468
1.395153
1.643317
1.87212
2.085418
2.286772
2.479463
2.666507
2.85068
3.034543
3.220457
3.410613
3.607049
3.811667
4.026245
4.252451
4.491846
4.745882
5.015895
5.303091
5.608524
5.933061
6.277338
6.64171
7.026178
7.430313
7.853165
8.293158
8.747988
9.21451
9.688639
10.16526
10.63821
11.10021
11.54302
11.95751
12.33398
12.66244
12.9331
13.13686
13.26589
13.31412
13.27773
13.15548
12.94888
12.66214
12.30193
11.87703
11.39776
10.87541
10.32169
9.748102
9.165567
8.584022
8.012203
7.457503
6.925945
6.422211
5.949737
5.510842
5.106871
4.738355
4.405159
4.106625
3.841705
3.609071
3.407215
3.23453
3.089381
2.970157
2.875313
2.803407
2.753118
2.723268
2.712835
2.720952
2.74692
2.790201
2.850421
2.927365
3.020973
3.131334
3.258682
3.403384
3.565936
3.74695
3.947142
4.167318
4.408354
4.671172
4.95671
5.265885
5.599545
5.958411
6.343005
6.753561
7.189923
7.651417
8.136717
8.643684
9.169203
9.709016
10.25756
10.80786
11.35143
11.87833
12.37725
12.83581
13.241
13.5797
13.83949
14.00937
14.08063
14.04754
13.90791
13.66333
13.31919
12.88431
12.37036
11.79104
11.16124
10.49617
9.810608
9.118247
8.431286
7.76014
7.113339
6.497534
5.917614
5.376874
4.877224
4.419411
4.003238
3.627766
3.2915
2.992552
2.728771
2.497866
2.297487
2.125308
1.979074
1.856646
1.756032
1.675401
1.613104
1.567671
1.537818
1.522446
1.520632
1.531627
1.554852
1.589887
1.636465
1.69447
1.763927
1.845002
1.937993
2.043332
2.161579
2.293425
2.439685
2.601301
2.77934
2.974992
3.189564
3.424478
3.681257
3.961515
4.266934
4.599234
4.960132
5.351285
5.774216
6.23022
6.720231
7.244676
7.803275
8.394819
9.016903
9.665635
10.33533
11.01821
11.70418
12.38062
13.0325
13.6425
14.19164
14.66006
15.02822
15.27825
15.39546
15.36978
15.19676
14.87823
14.42227
13.84254
13.1572
12.38739
11.55563
10.68441
9.79484
8.905828
8.033463
7.190782
6.387779
5.631596
4.926835
4.275925
3.679508
3.136808
2.645966
2.204335
1.808731
1.455635
1.141356
0.8621596
0.6143614
0.3943984
0.1988758
0.02459746
-0.1314177
-0.2719298
-0.3994807
-0.5164021
-0.6248293
-0.7267161
-0.8238534
-0.9178882
-1.010342
-1.102633
-1.19609
-1.291976
-1.391506
-1.49586
-1.606201
-1.723694
-1.849516
-1.984872
-2.131005
-2.289215
-2.460859
-2.647369
-2.850254
-3.071106
-3.311602
-3.573501
-3.858634
-4.16889
-4.506189
-4.872447
-5.26952
-5.69913
-6.162774
-6.661588
-7.196196
-7.766507
-8.371475
-9.008822
-9.674722
-10.36347
-11.06716
-11.77538
-12.4751
-13.15056
-13.7836
-14.35417
-14.8412
-15.22389
-15.48321
-15.6035
-15.57402
-15.39014
-15.05396
-14.57428
-13.96587
-13.24822
-12.44391
-11.57686
-10.67079
-9.747825
-8.827615
-7.926736
-7.058478
-6.232889
-5.457019
-4.735267
-4.06979
-3.460919
-2.907549
-2.407495
-1.957797
-1.554976
-1.195241
-0.874654
-0.589257
-0.3351653
-0.1086344
0.09389418
0.275766
0.4400998
0.5897845
0.7274842
0.8556496
0.9765328
1.092205
1.204578
1.315422
1.426389
1.539032
1.654826
1.775189
1.901496
2.035102
2.177355
2.32961
2.493246
2.669675
2.860353
3.066785
3.290533
3.533214
3.796497
4.08209
4.391727
4.727136
5.09
5.481904
5.904258
6.358203
6.844489
7.363319
7.914171
8.495571
9.104855
9.737891
10.38881
11.04974
11.71061
12.35906
12.98048
13.55831
14.07457
14.51067
14.84855
15.07195
15.16774
15.12717
14.94681
14.62902
14.18187
13.61852
12.95616
12.21467
11.41517
10.57869
9.725002
8.871855
8.034399
7.224971
6.453091
5.725628
5.047078
4.419894
3.844839
3.321324
2.847725
2.421653
2.040191
1.700091
1.397925
1.13021
0.8935013
0.6844624
0.4999099
0.3368474
0.1924821
0.06423292
-0.05026987
-0.1531913
-0.2465023
-0.3319935
-0.4112906
-0.4858716
-0.5570838
-0.6261611
-0.6942415
-0.7623833
-0.8315815
-0.9027829
-0.9769008
-1.054829
-1.137456
-1.225676
-1.320403
-1.422582
-1.533201
-1.653301
-1.783991
-1.92645
-2.081948
-2.251847
-2.437614
-2.640824
-2.86317
-3.106464
-3.372632
-3.663712
-3.981833
-4.3292
-4.708047
-5.120587
-5.568934
-6.054997
-6.580342
-7.146009
-7.752286
-8.398423
-9.082299
-9.800036
-10.54558
-11.31028
-12.08251
-12.84739
-13.58677
-14.27946
-14.90186
-15.42912
-15.83672
-16.10237
-16.20809
-16.14214
-15.90041
-15.48709
-14.91441
-14.20152
-13.37272
-12.45533
-11.47752
-10.46641
-9.446661
-8.439473
-7.462146
-6.527994
-5.646574
-4.824078
-4.063834
-3.366823
-2.732182
-2.157645
-1.639946
-1.175133
-0.7588458
-0.3865103
-0.05350154
0.2447373
0.5126122
0.7543227
0.9738278
1.174828
1.36076
1.534807
1.699906
1.858766
2.013893
2.167606
2.322067
2.479296
2.641199
2.809589
2.9862
3.172707
3.370738
3.581888
3.807718
4.049766
4.309534
4.588486
4.888023
5.20946
5.553986
5.922612
6.316106
6.73491
7.179035
7.647946
8.140417
8.654377
9.186744
9.733251
10.2883
10.84481
11.39419
11.92632
12.4297
12.89175
13.29919
13.63874
13.89778
14.06521
14.13228
14.09332
13.94629
13.69302
13.33923
12.89409
12.36961
11.77986
11.14004
10.46562
9.771537
9.071624
8.378129
7.701469
7.050131
6.430693
5.847949
5.305085
4.803901
4.345034
3.92818
3.552303
3.21582
2.91676
2.652906
2.421904
2.221353
2.04888
1.902191
1.779113
1.677624
1.595869
1.532172
1.485042
1.453175
1.435449
1.430921
1.43882
1.458543
1.489644
1.531833
1.584961
1.649025
1.724155
1.810614
1.908795
2.019217
2.142526
2.279494
2.431016
2.598114
2.781933
2.98374
3.204921
3.446975
3.711506
4.000203
4.314822
4.657151
5.028968
5.431977
5.867727
6.337509
6.842218
7.382184
7.956966
8.565105
9.203841
9.868803
10.55369
11.24996
11.94661
12.63001
13.28403
13.89031
14.42889
14.87923
15.22145
15.43788
15.51456
15.44271
15.21964
14.84927
14.34185
13.71313
12.98303
12.17404
11.30953
10.41233
9.503494
8.601494
7.721764
6.876544
6.074972
5.323343
4.625462
3.983043
3.396106
2.863347
2.382476
1.950498
1.563957
1.219127
0.912163
0.6392199
0.3965382
0.1805051
-0.01230519
-0.1851057
-0.3408857
-0.4824094
-0.6122217
-0.7326594
-0.8458664
-0.9538114
-1.058307
-1.161031
-1.263544
-1.367313
-1.473727
-1.584121
-1.69979
-1.822007
-1.95204
-2.091167
-2.24069
-2.401946
-2.576321
-2.765255
-2.970256
-3.192897
-3.434819
-3.697732
-3.983399
-4.293621
-4.630213
-4.99496
-5.389567
-5.815582
-6.2743
-6.766638
-7.29298
-7.852985
-8.445356
-9.067584
-9.715652
-10.38374
-11.06392
-11.74597
-12.41717
-13.06238
-13.66433
-14.20408
-14.66198
-15.01877
-15.25699
-15.36246
-15.3256
-15.14252
-14.81552
-14.35302
-13.76894
-13.08148
-12.31172
-11.48201
-10.61453
-9.730104
-8.847274
-7.981808
-7.146451
-6.350944
-5.602225
-4.904739
-4.2608
-3.670975
-3.134443
-2.649325
-2.212979
-1.822235
-1.473602
-1.163424
-0.8880055
-0.6437062
-0.4270066
-0.2345556
-0.06320059
0.08999723
0.2277574
0.3525826
0.4667667
0.5724084
0.6714264
0.7655774
0.8564745
0.9456067
1.034358
1.124025
1.215837
1.310973
1.410578
1.515781
1.627705
1.747489
1.876297
2.015332
2.165847
2.329157
2.50665
2.699792
2.910135
3.139321
3.38908
3.661227
3.957648
4.280284
4.631099
5.012036
5.424955
5.871551
6.353243
6.871033
7.425324
8.015702
8.640673
9.297357
9.981158
10.68541
11.40108
12.11645
12.81707
13.48577
14.10308
14.64789
15.09859
15.43443
15.6372
15.69287
15.59308
15.33611
14.92723
14.37837
13.70705
12.93491
12.08593
11.18465
10.25471
9.317611
8.391938
7.492989
6.632672
5.819671
5.059759
4.356203
3.710186
3.12123
2.587584
2.106557
1.67481
1.28859
0.9439205
0.6367465
0.3630481
0.1189193
-0.09937521
-0.2953649
-0.4723529
-0.633409
-0.7813715
-0.9188556
-1.048268
-1.171824
-1.291568
-1.409391
-1.527057
-1.64622
-1.768448
-1.895242
-2.028054
-2.168305
-2.317406
-2.476766
-2.647812
-2.831994
-3.030802
-3.245764
-3.478453
-3.730487
-4.003517
-4.299217
-4.619259
-4.965283
-5.338844
-5.741357
-6.174009
-6.637651
-7.132673
-7.658834
-8.215075
-8.799294
-9.408104
-10.03657
-10.67797
-11.32357
-11.9625
-12.58172
-13.16623
-13.69942
-14.16372
-14.54158
-14.8165
-14.97436
-15.00461
-14.90131
-14.66379
-14.29688
-13.81061
-13.21937
-12.54084
-11.79467
-11.00112
-10.17989
-9.34919
-8.525051
-7.720963
-6.947727
-6.213523
-5.524104
-4.88308
-4.292235
-3.75186
-3.261062
-2.81805
-2.42038
-2.065169
-1.749264
-1.469382
-1.222217
-1.004523
-0.813172
-0.6451966
-0.4978155
-0.3684495
-0.2547259
-0.1544772
-0.06573461
0.01328249
0.08417959
0.1484015
0.2072477
0.2618882
0.3133791
0.3626777
0.4106576
0.4581221
0.5058181
0.5544483
0.6046833
0.6571726
0.7125555
0.7714711
0.8345682
0.9025148
0.9760075
1.055781
1.142616
1.237351
1.340889
1.45421
1.578377
1.71455
1.863992
2.028081
2.208322
2.406348
2.623934
2.863002
3.125617
3.41399
3.730464
4.077498
4.457631
4.873436
5.327445
5.822048
6.359352
6.940994
7.567903
8.239993
8.955785
9.711969
10.5029
11.32008
12.15164
12.98194
13.79141
14.55665
15.2511
15.84625
16.3134
16.62604
16.76231
16.70749
16.45584
16.01148
15.38817
14.60797
13.69902
12.69289
11.62198
10.51721
9.406353
8.312932
7.255796
6.249123
5.302763
4.422773
3.612041
2.870911
2.197771
1.589569
1.042246
0.5510945
0.1110365
-0.283155
-0.636697
-0.9546783
-1.24198
-1.503221
-1.742736
-1.964555
-2.17241
-2.36974
-2.559712
-2.745239
-2.929003
-3.113478
-3.300951
-3.493545
-3.693239
-3.901882
-4.121204
-4.352827
-4.598267
-4.858927
-5.13609
-5.430902
-5.744341
-6.077181
-6.429946
-6.80285
-7.195721
-7.60792
-8.038243
-8.48482
-8.945001
-9.415253
-9.891065
-10.36688
-10.83605
-11.29089
-11.72275
-12.12223
-12.47946
-12.78448
-13.02772
-13.20056
-13.29586
-13.30846
-13.2356
-13.07721
-12.83594
-12.51709
-12.1283
-11.67905
-11.18016
-10.64315
-10.0797
-9.501124
-8.917954
-8.339639
-7.774352
-7.228904
-6.708739
-6.217996
-5.759619
-5.335496
-4.946608
-4.593185
-4.274854
-3.990777
-3.739775
-3.520433
-3.331191
-3.170426
-3.036505
-2.927843
-2.842934
-2.780387
-2.738939
-2.717479
-2.71505
-2.730855
-2.764266
-2.814814
-2.882193
-2.966255
-3.067004
-3.184592
-3.31931
-3.471582
-3.641953
-3.831083
-4.039727
-4.268723
-4.518969
-4.791397
-5.086942
-5.406497
-5.750862
-6.120682
-6.516366
-6.937994
-7.385203
-7.857058
-8.351902
-8.867198
-9.39936
-9.94359
-10.49373
-11.04216
-11.57977
-12.09601
-12.57907
-13.01624
-13.39439
-13.70062
-13.92301
-14.05145
-14.07844
-13.9997
-13.81467
-13.52658
-13.14234
-12.67209
-12.12846
-11.52576
-10.87913
-10.20366
-9.513732
-8.822434
-8.141222
-7.479708
-6.845607
-6.244795
-5.681454
-5.158259
-4.676594
-4.236777
-3.83827
-3.479874
-3.159909
-2.876361
-2.627005
-2.409518
-2.221553
-2.060808
-1.925076
-1.812277
-1.720488
-1.647956
-1.593108
-1.554555
-1.531094
-1.5217
-1.52553
-1.541907
-1.570321
-1.610419
-1.662002
-1.725015
-1.799544
-1.885812
-1.984178
-2.09513
-2.219283
-2.357383
-2.510301
-2.679034
-2.864703
-3.068548
-3.291929
-3.536312
-3.803262
-4.094426
-4.411504
-4.75622
-5.130272
-5.535266
-5.972637
-6.443534
-6.948687
-7.488234
-8.061513
-8.666818
-9.301123
-9.959779
-10.63621
-11.32164
-12.00487
-12.67221
-13.30757
-13.89282
-14.40849
-14.8347
-15.15247
-15.3452
-15.40007
-15.30939
-15.07147
-14.69094
-14.17845
-13.54981
-12.82467
-12.02497
-11.17338
-10.29188
-9.40071
-8.517564
-7.657191
-6.831264
-6.048484
-5.314826
-4.633885
-4.007254
-3.434907
-2.915551
-2.44695
-2.026193
-1.649929
-1.314545
-1.016322
-0.7515393
-0.5165605
-0.3078942
-0.1222325
0.04352559
0.192262
0.3266382
0.4491004
0.5618904
0.6670597
0.7664866
0.8618945
0.9548713
1.046889
1.139321
1.233466
1.33056
1.431798
1.538349
1.651375
1.772039
1.901529
2.041061
2.191901
2.355368
2.532851
2.72581
2.93579
3.164417
3.413404
3.68454
3.979685
4.300746
4.64965
5.028296
5.438501
5.881911
6.359897
6.873412
7.42282
8.007676
8.626472
9.276342
9.952738
10.6491
11.35652
12.06353
12.75597
13.41704
14.0277
14.56734
15.0148
15.34977
15.55437
15.61475
15.52254
15.27579
14.87938
14.34469
13.6886
12.93211
12.09858
11.21206
10.29578
9.370984
8.456126
7.566465
6.713959
5.907402
5.152714
4.453327
3.810601
3.224227
2.692617
2.213227
1.782851
1.397856
1.054365
0.748416
0.4760645
0.2334721
0.01696178
-0.1769446
-0.3515045
-0.5097461
-0.6544689
-0.7882512
-0.9134635
-1.032285
-1.146722
-1.258629
-1.369727
-1.48163
-1.59586
-1.713869
-1.837058
-1.966796
-2.104436
-2.251332
-2.408851
-2.578387
-2.761373
-2.959288
-3.173663
-3.406085
-3.658194
-3.931678
-4.228255
-4.549659
-4.897596
-5.273708
-5.679502
-6.116269
-6.584976
-7.086132
-7.619617
-8.184485
-8.778733
-9.399038
-10.04049
-10.69631
-11.35763
-12.01333
-12.65
-13.25209
-13.80234
-14.28241
-14.67387
-14.95939
-15.12404
-15.15665
-15.05089
-14.80603
-14.42713
-13.92469
-13.3139
-12.6133
-11.84349
-11.02563
-10.18024
-9.3262
-8.480045
-7.655604
-6.863873
-6.1131
-5.409005
-4.755093
-4.152991
-3.602802
-3.103428
-2.652868
-2.248473
-1.887162
-1.565595
-1.280317
-1.027862
-0.8048389
-0.6079852
-0.43421
-0.2806175
-0.1445203
-0.02344309
0.08488099
0.1825186
0.2713483
0.3530756
0.4292484
0.5012748
0.5704399
