0
0
0.56814
-0.349644
0.1982916
0.5828655
0.790203
0.4372043
0.6013409
0.2150852
0.5587608
0.2481187
1.146117
-0.1008125
-1.52474
1.02956
-0.1141374
-1.096528
0.9299155
0.4379197
-0.1231991
0.32771
0.6133834
0.6043482
0.3322825
0.8846958
0.3806634
0.07131052
0.3179294
0.8149497
0.4779963
-0.0652121
-0.09841757
-0.041155
0.6484289
0.8765234
0.2374432
-0.2327009
0.4858222
0.6708733
0.6675523
0.6975164
0.6045213
0.6099653
0.450289
0.7364723
0.5430503
0.7943387
0.3156699
0.3914321
0.2810319
0.6798727
0.3932575
0.972793
0.1797316
-0.7637041
0.6385604
0.5788341
0.7789023
0.6036695
0.6702207
0.2532956
0.9817364
0.0129662
-0.9297039
0.6200054
0.4453749
0.9658719
0.4175493
-0.3388892
0.3867239
0.5757843
0.6940981
0.6293838
0.7235858
0.5181625
0.7128206
0.3538484
0.8827112
0.1136533
-0.6020753
0.3801951
0.502381
0.616257
0.6498666
0.6928514
0.6756865
0.6541531
0.5453418
0.5569467
0.4863165
0.7194566
0.635268
0.7492834
0.4608488
0.7026402
0.2677846
0.6852546
0.1725753
0.1303637
0.240318
0.8413221
-0.4415035
-0.8613571
-0.9709787
-0.6332486
-0.6538883
-0.3928808
-0.2612403
-0.3034572
0.6271996
0.9217601
0.2290722
-0.5310713
0.5462651
0.6171605
0.6620558
0.6846919
0.6857664
0.6346107
0.5681357
0.5049616
0.5595871
0.5953923
0.6809276
0.6693518
0.6987476
0.5864284
0.6082149
0.4310515
0.7995994
0.5277524
0.6019841
0.2087856
0.9393826
0.05014319
-0.6442751
0.6455172
0.6188098
0.7493746
0.6231465
0.683805
0.3466435
0.8892398
0.2135194
-0.2902756
0.5138097
0.6618256
0.6622335
0.7112877
0.6285053
0.6302583
0.4420629
0.7180804
0.4975317
0.8600323
0.290622
-0.06984851
0.4318458
0.7268612
0.6757913
0.6261015
0.4454712
0.5645695
0.4611226
0.8729838
0.5963485
0.3175493
0.04656056
1.083107
-0.871892
-0.9509728
-0.2259859
-0.6872059
-0.4604201
-0.5804691
-0.3679866
0.1171859
-0.07254453
0.524459
0.8770224
0.5936017
0.3201355
0.09065689
1.092634
-0.6729324
-1.201863
-0.179435
-0.3150441
0.7826585
0.3773276
-0.08629739
1.20308
-0.9119626
-1.135509
0.1540552
-0.9222152
-1.350368
0.6967906
0.2617198
0.6623205
0.1855072
0.2522445
0.2510871
1.059734
-0.4744231
-1.443293
0.02083064
0.010034
0.5728537
-0.419916
0.187882
0.6171274
0.8233153
0.5520529
0.5176044
0.1767414
1.172729
-0.1854236
-1.682872
1.173736
-0.3583839
-1.661631
1.138961
-0.2148385
-1.509309
0.90267
-0.0008407839
-0.4248112
0.6218715
0.6712938
0.684433
0.6827098
0.6145888
0.5619453
0.4902349
0.6019786
0.5965411
0.7234417
0.6525428
0.7087907
0.4584531
0.7097642
0.3507213
0.8861791
0.1001481
-0.6480481
0.3417125
0.4477095
0.6004899
0.664619
0.6775511
0.6879854
0.6226228
0.583108
0.4869738
0.6175587
0.5741874
0.7632649
0.6300773
0.6964885
0.3118463
0.8868982
0.1428447
-0.4419564
0.5099962
0.6248683
0.6537737
0.6936524
0.6756545
0.6491413
0.5416743
0.5518904
0.4929228
0.7101731
0.6402301
0.7483902
0.4946472
0.6859396
0.2882086
0.8866876
0.07160697
-0.6377351
0.3614039
0.4635134
0.607485
0.6593082
0.6834027
0.6822187
0.6345562
0.5674862
0.5142209
0.5562075
0.6043329
0.6717242
0.6739386
0.6875969
0.6042457
0.5887967
0.4701018
0.6812363
0.5770064
0.8122345
0.5084141
0.5477561
0.2033254
0.9405638
0.0967822
-0.5314274
0.6526667
0.6568901
0.7123161
0.6411237
0.6418016
0.4549911
0.687449
0.4805328
0.9212962
0.3208906
-0.3132527
0.4965421
0.6345521
0.6569271
0.6990882
0.6590152
0.6391484
0.5075424
0.5960463
0.4942059
0.8188967
0.6027956
0.5592703
0.1604627
1.210419
-0.2808513
-1.806964
1.270778
-0.553364
-1.8047
1.14983
-0.4226962
-1.558953
0.9532927
0.01857622
-0.757458
0.6484558
0.5677805
0.8175765
0.5769801
0.5599175
0.1748108
1.14703
-0.1701154
-1.572641
1.130896
-0.1716387
-1.497851
1.034315
-0.03154611
-1.075182
0.868406
0.443186
0.2176893
0.2489062
0.9642408
0.1867321
-0.8223326
-0.8533418
-0.6664338
-0.6344618
-0.5642546
-0.4712864
-0.3425089
-0.06778261
0.2605119
0.491932
0.6112403
0.6510687
0.684621
0.6853006
0.6530477
0.5735456
0.5270144
0.5182396
0.6172148
0.6423056
0.6975275
0.6627652
0.6602356
0.5222168
0.6056697
0.4671391
0.8556895
0.5521691
0.3796209
0.150291
1.173528
-0.3675195
-1.699651
0.5875916
-0.3258999
0.8684042
-0.4815349
-1.035237
1.060356
0.4567611
-0.854954
0.5286772
0.4452558
0.6483435
0.6182929
0.7521952
0.6184227
0.6823451
0.3349866
0.9109696
0.1816061
-0.4459555
0.5575672
0.6396533
0.6613968
0.699203
0.6642426
0.6348418
0.5115752
0.5742699
0.49926
0.7735779
0.6354308
0.683962
0.2821255
0.9239507
0.1015042
-0.6161381
0.5722915
0.5952674
0.7039909
0.6711476
0.7111976
0.5404008
0.6223803
0.3748871
1.003039
0.2771675
-0.6855586
0.6054436
0.6102254
0.7187645
0.6580946
0.6997011
0.4755634
0.6820193
0.3788994
0.9990503
0.1082177
-0.971002
0.6326838
0.4190437
0.9272584
0.3941247
-0.1644916
0.3856481
0.6333675
0.6631928
0.5393512
0.667348
0.494264
0.8573963
0.4439951
0.2621734
0.2681184
0.9188927
0.4385049
-0.2108902
-0.220977
0.7216635
0.7619409
0.09147697
0.02963774
0.3357835
0.824661
0.234562
-0.4610788
-0.4451412
-0.4301016
0.3385458
0.431929
0.2464255
1.156516
-0.3431906
-1.678024
0.5546302
-0.2558442
1.015679
-0.5621629
-1.729102
1.381618
-0.3533436
-1.720114
0.5547895
-0.4522597
0.7929476
-0.5666208
-0.8754578
0.9686377
0.5686274
-0.183867
0.1817241
0.5016026
0.5062537
0.2022984
1.276221
-0.3586445
-1.970191
1.321954
-0.883962
-1.866124
1.374393
-0.6235292
-1.762658
0.9314065
-0.4727832
-0.9168177
0.9155071
0.5421105
0.07057212
0.1903052
0.6926969
0.05814624
-0.2586126
0.9554452
-0.3624433
-0.2228118
0.3649882
0.04984666
0.8219611
0.4402292
-0.1289191
-0.21182
-0.07701393
0.7045573
0.8014568
0.2434728
0.3561761
0.301667
0.7611466
0.4313067
0.6931535
0.2305374
0.4685672
0.2601534
0.9605591
0.1931694
-0.5248198
0.6052973
0.6425715
0.68821
0.6810169
0.665347
0.5662321
0.5522484
0.4808413
0.6854023
0.6263319
0.7605134
0.5485568
0.673024
0.2814709
0.9783861
0.02236138
-0.9456194
0.5532222
0.3888735
1.006933
0.3906078
-0.5568921
0.2550647
0.5280149
0.6875619
0.6680228
0.7191639
0.5849801
0.622716
0.3834236
0.8997336
0.3954349
-0.001881492
0.3389218
0.7415639
0.5783137
0.2315204
0.3697508
0.297286
0.790833
0.4956068
-0.02196492
0.1535787
0.09222925
0.6265742
0.5057223
0.1148144
1.246459
-0.4159115
-1.958786
1.315827
-0.8419101
-1.849904
1.328133
-0.5667955
-1.75918
0.9341629
-0.3789419
-0.8364212
0.8021795
0.5627415
0.60864
0.2009484
1.021862
-0.03590553
-1.049491
0.8004953
0.4469864
0.5466743
0.2248
0.8757337
0.1590856
-0.1641564
0.5035291
0.7109291
0.6739147
0.7083308
0.5237003
0.6207331
0.3715103
1.03388
0.2344413
-0.8781261
0.6892541
0.5361521
0.7514214
0.4514224
0.7674669
0.2124219
0.07353013
0.3493371
0.8666846
0.3927614
-0.2774706
-0.4983977
-0.1443451
0.458538
0.1957266
0.6757416
0.553096
0.6777394
0.4812088
0.8579175
0.4015116
0.1958005
0.3109991
0.8508568
0.5653843
0.2227863
-0.0913885
0.9369564
-0.1630064
-0.4992049
0.1780446
-0.2783205
0.6760519
0.2513681
-0.2018484
0.7949729
0.1730629
-0.4775355
-0.004235069
-0.2354728
0.4274455
0.8788242
0.5074037
0.2262579
0.1848461
0.9582537
-0.1895603
-1.014988
-1.102404
-0.1920548
-0.1812904
0.688677
0.634024
0.09444829
0.4294976
0.2264736
1.278815
-0.4611809
-1.959566
1.201375
-0.9236337
-1.930852
1.623419
-0.736733
-1.2487
0.0621161
-0.6706424
-0.3028861
-0.05783513
0.6292362
0.9513591
0.2555251
-0.6277351
0.5817293
0.6134636
0.6955354
0.6737923
0.6970254
0.5573235
0.6022446
0.4108241
0.8819831
0.4835905
0.1872732
0.2123915
0.9096868
-0.01880499
-0.8394159
-0.9736399
-0.5041801
-0.503501
0.22951
0.3746829
0.2195403
1.107286
-0.5783299
-1.507332
0.2883536
-0.2226468
1.172202
-1.092233
-0.5501687
-0.4200966
-1.344542
-0.2132478
0.1262526
0.5847119
0.564897
0.1754268
1.190985
-0.2352147
-1.728021
1.21333
-0.4184216
-1.734191
1.128782
-0.3087611
-1.493066
0.9051754
0.06687439
-0.4343838
0.5949852
0.6597874
0.6761083
0.6963306
0.638902
0.5967594
0.4842561
0.6002979
0.5488063
0.772985
0.6367811
0.6867581
0.2849765
0.9144384
0.1086746
-0.5744247
0.555677
0.6025285
0.6806499
0.6755378
0.7019349
0.5989557
0.5970477
0.4302856
0.7517602
0.5498794
0.7525792
0.2907753
0.5780546
0.2131471
0.3382905
0.2183556
1.142883
-0.7385964
-1.540089
0.5656813
-0.5389589
0.229836
-0.02807217
0.8994217
-0.7398108
-0.3161312
-0.8165406
-0.7909942
-0.7715063
-0.7874463
-0.7693312
-0.7557174
-0.7646761
-0.7381441
-0.7244714
-0.7261107
-0.6759982
-0.6523248
-0.6337838
-0.4988871
-0.4259479
-0.3173041
0.1836422
0.4370235
0.4278035
0.7140291
0.6791796
0.6395169
0.490325
0.5473734
0.4652877
0.7938521
0.6428092
0.6190508
0.2146621
1.059537
-0.01228334
-1.164469
0.9082378
0.3531835
-0.08234266
0.3666225
0.6902825
0.6127558
0.3758131
0.5472704
0.4279034
0.944324
0.5158264
-0.1149397
0.02493271
0.5412922
0.1667192
0.1730268
0.8421773
-0.132401
-0.6510216
-0.279137
-0.4668653
0.275199
0.6659822
0.3195598
1.033946
0.01973646
-1.138332
0.6550507
0.2928934
0.9901552
0.1080236
-0.8294477
0.7129708
0.5760936
0.7755891
0.4219479
0.6571027
0.2075448
0.3510588
0.2637769
1.195992
-0.2676706
-1.771424
0.8453989
-0.4490336
-0.4763787
0.6102473
0.655324
0.6868547
0.6790808
0.642464
0.5588174
0.5320285
0.5249909
0.6404163
0.6460052
0.7098167
0.642226
0.6563735
0.4675649
0.691792
0.462799
0.9292663
0.2764251
-0.4401983
0.5437964
0.6321805
0.6548927
0.6988121
0.668829
0.6471727
0.5211387
0.574143
0.4830817
0.7829606
0.6256931
0.662444
0.2484447
0.9994877
0.01664757
-0.9625055
0.7072383
0.4743786
0.8474363
0.3146872
0.07043005
0.3859078
0.7848351
0.6555504
0.5336395
0.2094219
0.7901905
0.4089102
0.4552232
0.2296378
1.261244
-0.3162695
-1.935229
1.235999
-0.8156182
-1.863525
1.443917
-0.5531608
-1.594863
0.446647
-0.3979817
1.079872
-0.882751
-1.964522
1.502165
-0.8968096
-1.673404
0.9768929
-0.7238648
-1.64273
1.556155
-0.3779109
-1.547217
0.1369936
-0.5793148
-0.1945406
0.2745502
0.5582665
0.5960836
0.279792
1.126673
0.0081595
-1.412682
0.9770346
0.0004074955
-0.7693337
0.7800335
0.626872
0.6739253
0.2581815
0.9661016
0.04295441
-0.834087
0.6288321
0.5156514
0.872213
0.5513522
0.3058022
0.1553513
1.071945
-0.2846667
-1.356582
-0.3995586
0.1502606
0.5657943
0.8894764
0.5976514
0.2687969
0.08641903
0.9896664
-0.6549723
-0.8747916
-0.7517636
-0.475032
-0.368359
0.4273818
0.239604
0.07066484
0.7681514
0.5323872
-0.03178373
1.097005
-0.3397821
