0
1
1.698009
-0.04591532
0.7093925
0.9678062
0.002285395
1.558387
-0.4459604
1.391211
-0.2527464
1.51188
-0.09276376
2.000337
-0.1099305
-0.05089026
1.904943
-0.4434081
-0.01885351
1.730575
-0.350479
0.7432208
0.8153648
0.2276818
1.13909
0.0200227
1.681631
-0.4297136
0.8856192
0.659385
0.7022965
0.7812201
0.2947064
0.7541832
1.27339
-0.2624214
1.789249
-0.4913499
0.5872355
0.3677845
0.5280022
0.3941544
0.6849341
0.3262645
0.86409
0.1236335
1.196961
-0.1750524
1.732006
-0.5747446
1.056684
0.0447942
1.414844
-0.2683174
1.856504
-0.3206231
0.2748155
0.7429123
0.1630012
1.110987
-0.06271665
1.587781
-0.315801
1.761567
-0.2704313
0.1506463
1.117702
-0.01966588
1.779005
-0.2904931
0.601199
0.5950595
0.2973491
0.7212341
0.2197728
1.078564
-0.06096061
1.590206
-0.4345383
1.625634
-0.2405775
0.4172237
0.4927851
0.3810395
0.4426633
0.4080169
0.5347659
0.459039
0.6466498
0.3634465
0.6953551
0.2363383
0.8220713
0.1338649
1.315913
-0.2508941
1.646119
-0.4837734
1.408645
-0.2644817
1.122034
1.201806
0.9890135
0.6634424
0.03024872
0.3589214
0.4594792
0.8345459
0.2965805
0.6755482
1.319069
-0.3064989
1.812878
-0.3754329
0.4148826
0.4012812
0.4050811
0.4533553
0.4762422
0.5458925
0.5121972
0.5460679
0.4134328
0.4878487
0.3574312
0.5491173
0.3821227
0.7286385
0.2814362
0.94452
0.07916933
1.381312
-0.2859215
1.51711
-0.2248133
1.796543
-0.4454236
0.29604
0.6354063
0.2436105
0.9074156
0.1043913
1.390136
-0.2419467
1.799154
-0.4920443
0.54114
0.3449708
0.5214935
0.3703928
0.688512
0.3219905
0.9105583
0.08903305
1.285949
-0.2404919
1.791396
-0.5260643
0.6903601
0.3873771
0.6088784
0.4320838
0.7679539
0.2292109
0.8913724
0.1535624
1.294566
-0.04906823
1.286155
1.331136
1.594466
0.9174386
0.7322621
0.6611928
0.5678594
0.3680336
0.879252
0.4870031
0.6367682
0.8840385
0.08918978
1.396134
-0.1514486
1.263899
1.167416
1.587373
0.8186802
0.358377
0.8530015
1.326974
0.02426231
1.337513
1.241478
1.871921
1.024729
1.013316
1.294523
-0.4304737
-0.2746043
1.632711
-0.4729377
1.40547
-0.2733258
1.23255
0.9519086
1.599019
0.5587262
-0.01568549
1.015505
1.700745
0.01225315
0.6834149
0.8232753
0.0908518
1.368554
-0.2399246
1.44643
0.1478194
2.060771
-0.08489992
-0.07353834
1.943393
-0.1851729
-0.2099589
1.876308
-0.1025979
-0.1320466
1.786405
-0.5510255
0.4172744
0.4017023
0.4749047
0.4689506
0.5777261
0.4706586
0.5948166
0.3432524
0.5792727
0.2824946
0.7420305
0.2283704
1.129277
-0.09440679
1.613495
-0.4531463
1.602335
-0.2006954
0.3894414
0.5391465
0.4451797
0.3943984
0.4806022
0.4474089
0.5920283
0.4431976
0.6497145
0.2976287
0.6915348
0.2004707
0.9758556
0.04437218
1.501247
-0.3229771
1.733151
-0.4088097
0.4773116
0.3719384
0.4396764
0.4130517
0.5333015
0.4668197
0.6372607
0.3728552
0.6699983
0.2515353
0.770567
0.1721466
1.218062
-0.1693618
1.635825
-0.4341286
1.599702
-0.2302435
0.3908425
0.5284338
0.4207088
0.4134752
0.4515937
0.4819778
0.5365941
0.5213342
0.5270051
0.4351152
0.460804
0.3863481
0.5076883
0.4280316
0.6377995
0.3835667
0.7409674
0.213461
0.9028182
0.04457378
1.467987
-0.3496437
1.415296
-0.1075053
1.846511
-0.5128101
0.3432686
0.5124369
0.366079
0.6704528
0.3349705
0.893431
0.1002456
1.246143
-0.1907282
1.846586
-0.4546419
0.5293072
0.3766245
0.4700059
0.4027308
0.5828397
0.4227651
0.7156466
0.2662206
0.8439828
0.1278773
1.234688
-0.1193023
1.511926
0.1219234
2.093009
-0.04469302
-0.07720325
1.928959
-0.01668707
-0.1683409
1.795333
-0.20589
-0.2576323
1.776946
-0.3924522
0.2331683
0.8308199
0.09673783
1.317378
-0.2028661
1.501059
0.02511605
2.024935
-0.1828586
-0.103217
1.959802
-0.190118
-0.1117897
1.907423
-0.3733967
0.03539078
1.60635
-0.3855501
1.052392
0.686391
1.166897
0.6157988
0.0809696
0.4929911
0.5081786
0.551053
0.5414096
0.5852652
0.6438378
0.5445042
0.4723332
0.3869975
0.4144704
0.4294192
0.4891141
0.5073311
0.5615375
0.4835564
0.5164536
0.3835809
0.4786643
0.3836801
0.5859803
0.3992572
0.7501194
0.2387799
0.9397552
0.07643977
1.434788
-0.2417571
1.295267
0.7227046
1.861373
0.5060152
0.07908762
1.493648
0.3914921
1.830523
-0.687159
-0.1150967
1.922631
-0.008397937
0.4305949
0.6494188
0.2921164
0.6463597
0.2358214
0.9324038
0.08334293
1.424216
-0.2571857
1.804423
-0.4497246
0.4434495
0.3668413
0.4566787
0.4118516
0.5662408
0.446397
0.6794646
0.3082021
0.7541438
0.1889394
1.001218
0.03232336
1.518832
-0.3014118
1.761506
-0.383121
0.3476527
0.5150712
0.314728
0.6177209
0.3251784
0.8862508
0.1276696
1.249305
-0.06137757
1.888278
-0.3114727
0.3436919
0.5489223
0.303228
0.6993497
0.2707815
1.034347
-0.01547001
1.499799
-0.3277943
1.821473
-0.200108
0.1719503
1.146177
-0.04793371
1.773577
-0.404082
0.6778186
0.6100414
0.3534735
0.7798016
0.18793
1.066961
-0.05517483
1.684765
-0.474401
1.010172
0.3697173
1.256147
0.2086003
0.7774008
1.456985
-0.3631724
1.545969
-0.3872623
0.9550768
0.7861336
0.8134297
0.7320654
0.3225684
0.6674239
1.048297
0.02352094
1.272853
0.7120458
1.834659
0.4661128
0.03008321
1.454623
0.5405168
1.95204
-0.4225376
-0.3566643
1.909344
0.6726513
0.2250749
1.525227
0.4327874
1.791967
-0.6875082
-0.00165463
1.662737
-0.129285
0.7989235
1.270365
-0.1638396
1.470289
0.2757405
2.167283
0.2091989
0.1076156
1.934606
-0.1314823
-0.1556332
1.910736
0.2885139
0.05515247
1.744941
-0.6231531
0.002815083
1.61716
-0.266136
0.9564401
1.232751
0.2891905
1.044623
1.58616
0.5599054
1.02492
0.3595466
0.9570442
0.6546834
0.7581659
0.7260842
0.3365386
0.7794005
1.117089
-0.1014445
1.724146
-0.5650661
1.047882
0.07061385
1.447495
-0.3580267
1.571861
-0.4285106
1.304467
-0.02829058
1.852937
-0.449937
0.3798309
0.4331758
0.4044806
0.5163627
0.4635216
0.6283791
0.3963615
0.6654959
0.2625626
0.7377363
0.1806816
1.146682
-0.1045479
1.604268
-0.3594758
1.729222
-0.2113696
0.1544916
1.089848
0.1567884
1.671776
-0.04529461
0.5311092
0.5573945
0.317171
0.579268
0.336323
0.814087
0.2015733
1.137693
-0.0208604
1.724458
-0.432384
0.8058271
0.6538267
0.5109407
0.8509371
0.207181
0.8712446
0.7120784
0.5927642
0.8985077
0.2142676
0.8424386
1.289048
-0.1307673
1.454398
0.3967511
2.139129
0.174594
0.06768514
1.917042
-0.1193162
-0.1719686
1.884275
0.1991918
-0.0492602
1.70779
-0.5624244
0.09730156
1.312776
-0.2215423
1.548342
-0.1934485
1.857477
-0.3412357
0.05369714
1.502301
-0.3877495
1.397209
-0.1528391
1.791631
-0.5563474
0.6108956
0.3111728
0.6293793
0.3228403
0.9100077
0.1053409
1.281347
-0.06890205
1.925734
-0.2542956
0.2518828
0.9490947
0.03084778
1.465625
-0.3801697
1.617967
-0.4360952
0.934337
0.608114
0.9260087
0.6005522
0.4093452
0.967667
0.4148234
0.8572713
0.3356161
0.7973494
0.1722489
1.12664
-0.09867872
1.739253
-0.5189938
0.9122143
0.3467869
1.036308
0.2504033
1.057326
1.343511
0.6466608
1.056766
0.479101
0.9043928
0.9518136
0.4266478
0.983988
0.9172931
0.6753631
0.8727895
0.5136213
0.5983639
1.005798
0.06075768
1.533576
-0.2876415
1.115437
1.014976
1.117907
0.7652115
-0.1439699
0.1002724
0.8102058
1.555778
-0.4064337
1.366046
-0.2032293
1.405141
0.5280735
2.145046
0.4167501
0.260747
1.937224
-0.4679648
-0.4095736
1.807659
1.010866
0.7599824
1.252565
0.05917305
0.726545
1.282535
-0.2816849
1.856816
-0.3379739
0.3653178
0.4807131
0.3463541
0.5750626
0.3724401
0.7823053
0.2282018
1.033967
0.04986578
1.572539
-0.3202279
1.058805
0.9648488
0.9486018
0.8101957
0.04088996
0.2426072
0.6016334
1.108263
-0.01808748
1.276432
0.9733598
1.726657
0.6055876
0.1646156
1.293059
1.526715
1.70793
1.230323
1.445544
0.419964
-0.1488875
0.8135632
1.256522
-0.1483323
1.517768
0.05911433
2.065259
-0.08690816
-0.09285241
1.936655
-0.09411784
-0.1970318
1.821168
-0.1823398
-0.194871
1.784568
-0.5105757
0.4287131
0.3796155
0.4710292
0.4352074
0.5884738
0.4466788
0.6662281
0.2947943
0.7168353
0.1884681
0.9976586
0.03423277
1.518267
-0.30757
1.752041
-0.3894706
0.3782118
0.4593409
0.3545296
0.5289525
0.395739
0.6991858
0.3218333
0.8785818
0.1251009
1.209796
-0.1782304
1.695651
-0.546935
1.250621
-0.1410148
1.329127
1.017294
1.868302
0.6381097
0.4176703
1.612719
-0.07080679
1.161613
1.576348
0.8959415
0.8781437
0.3277009
0.4799277
0.4603883
0.3942037
0.4981864
0.4457008
0.4260789
0.5171814
0.4436616
0.4620598
0.5478101
0.451609
0.5225626
0.614249
0.4660556
0.6416704
0.7710756
0.2996956
0.676878
0.3969233
0.5717991
0.4514778
0.7073332
0.2951256
0.7822015
0.2060575
1.004392
0.07066499
1.456346
-0.06728349
1.946197
-0.3230886
0.01923383
1.721765
-0.4197187
0.7528215
0.6430116
0.4304034
0.836255
0.180753
0.9806619
0.1794969
1.456811
-0.004962998
0.8977295
1.569281
-0.2717425
1.05055
1.162876
0.7248576
0.8880222
0.4477285
0.542621
1.18518
-0.0737627
1.568954
-0.3282234
1.808776
-0.1387438
0.06844957
1.443654
-0.1977877
1.874558
-0.3673134
0.2047272
0.9803187
-0.002440373
1.558712
-0.4507536
1.440777
-0.3099397
1.302484
0.5437688
1.95884
0.3632514
0.05430943
1.66856
-0.5195129
0.4070214
0.4256797
0.4339268
0.5031678
0.5039344
0.570946
0.4577105
0.5333448
0.3563702
0.521268
0.3554455
0.6732725
0.3198249
0.9163276
0.07875632
1.307642
-0.2326135
1.850552
-0.425832
0.4535135
0.3636486
0.4560839
0.4021148
0.5631577
0.4385129
0.6912074
0.3031179
0.7865218
0.1761162
1.058131
-0.007443293
1.547455
-0.258169
1.820775
-0.3085043
0.1233606
1.252176
-0.2032563
1.783007
-0.5537363
0.7851965
0.3397308
0.7980588
0.3287167
1.048587
0.1893021
1.355185
-0.2430793
1.415399
0.3419587
2.137397
0.257031
0.1171818
1.903422
-0.3303383
-0.3448126
1.835009
0.6661588
0.2703294
1.468439
0.8186125
2.077237
-0.05570151
-0.01746878
1.990674
0.4291145
0.4097917
1.95124
-0.7535448
-0.4883218
1.94818
1.249026
0.7576243
1.55897
-0.2510147
0.7539571
0.9918414
0.05821554
1.397884
-0.0002130215
2.013976
-0.1242199
0.0208794
1.878711
-0.5053443
0.1733341
1.053782
-0.009257415
1.555787
-0.2961362
1.776435
-0.3226172
0.2052235
0.9360659
0.04612317
1.499035
-0.2679925
1.197486
0.8994382
1.493409
0.6668982
-0.1106308
0.6298146
0.8690557
0.07222338
1.4331
-0.1560023
1.207003
1.308972
1.269379
0.8329473
0.2106777
0.3107892
0.8042689
0.8848343
0.2830941
0.8763939
1.064528
0.1623125
1.432615
0.3712113
1.989216
