-3.725784
-3.852244
-3.997302
-4.161252
-4.344483
-4.547459
-4.770704
-5.014773
-5.280222
-5.56757
-5.877257
-6.209585
-6.564658
-6.942299
-7.341969
-7.762662
-8.202794
-8.660084
-9.131436
-9.612815
-10.09915
-10.58427
-11.06087
-11.52055
-11.95398
-12.35108
-12.70139
-12.99452
-13.22066
-13.37118
-13.43922
-13.42016
-13.31208
-13.11592
-12.83553
-12.47742
-12.05041
-11.56507
-11.0331
-10.46669
-9.877968
-9.278435
-8.678625
-8.087814
-7.513874
-6.963223
-6.440858
-5.950451
-5.494483
-5.074399
-4.690772
-4.343468
-4.031791
-3.754628
-3.510569
-3.298008
-3.115234
-2.960499
-2.832081
-2.728324
-2.647674
-2.588707
-2.550143
-2.530858
-2.529896
-2.546466
-2.579948
-2.629887
-2.695993
-2.778136
-2.876342
-2.990783
-3.121779
-3.269781
-3.435372
-3.619252
-3.822227
-4.0452
-4.289144
-4.555088
-4.844084
-5.15717
-5.495325
-5.85941
-6.250093
-6.667763
-7.112419
-7.583545
-8.079959
-8.599649
-9.139591
-9.69557
-10.262
-10.83177
-11.39618
-11.94491
-12.46614
-12.94684
-13.37319
-13.7312
-14.0075
-14.19018
-14.26974
-14.23983
-14.09791
-13.84552
-13.4883
-13.03561
-12.49987
-11.8957
-11.23896
-10.54583
-9.831937
-9.11175
-8.398064
-7.701739
-7.031599
-6.394454
-5.795238
-5.237199
-4.722135
-4.25063
-3.822292
-3.435972
-3.089956
-2.782136
-2.510152
-2.271508
-2.063665
-1.884115
-1.730437
-1.600336
-1.491673
-1.402481
-1.330977
-1.275569
-1.234849
-1.207597
-1.19277
-1.189496
-1.197069
-1.214939
-1.242701
-1.280094
-1.326991
-1.383393
-1.449425
-1.525334
-1.611485
-1.70836
-1.816558
-1.936795
-2.069908
-2.216849
-2.378699
-2.556658
-2.752053
-2.966336
-3.201082
-3.457984
-3.738839
-4.045537
-4.38003
-4.7443
-5.140302
-5.569892
-6.034736
-6.536176
-7.075074
-7.65161
-8.265031
-8.913358
-9.593061
-10.29869
-11.02251
-11.75418
-12.48052
-13.18545
-13.85016
-14.45365
-14.97361
-15.38772
-15.67527
-15.81895
-15.80651
-15.63216
-15.29734
-14.81074
-14.18761
-13.44838
-12.61689
-11.71857
-10.7786
-9.820506
-8.86514
-7.930036
-7.029196
-6.173143
-5.369197
-4.621858
-3.933253
-3.303588
-2.731568
-2.214776
-1.75
-1.333497
-0.9612178
-0.6289714
-0.3325592
-0.06786984
0.1690528
0.3819649
0.5743963
0.7496378
0.91074
1.06052
1.201575
1.336299
1.466899
1.595422
1.723775
1.853744
1.987017
2.125209
2.269877
2.422537
2.584686
2.757813
2.943412
3.142992
3.358084
3.590245
3.841054
4.112109
4.405008
4.721332
5.062609
5.430266
5.825575
6.249564
6.702921
7.18587
7.698013
8.238156
8.804104
9.39244
9.998295
10.61513
11.23455
11.8462
12.43781
12.99528
13.50316
13.94519
14.30512
14.56779
14.7202
14.75258
14.65939
14.43986
14.09823
13.64347
13.08864
12.44987
11.74522
10.99348
10.21308
9.421199
8.633133
7.8619
7.118077
6.409819
5.743011
5.121508
4.547412
4.021374
3.542879
3.110512
2.722197
2.375393
2.067265
1.794825
1.555032
1.344882
1.161469
1.002026
0.8639568
0.7448566
0.6425165
0.5549277
0.4802777
0.4169428
0.3634779
0.3186055
0.2812025
0.2502873
0.2250073
0.2046263
0.1885125
0.1761279
0.1670175
0.160801
0.1571637
0.1558495
0.1566546
0.1594217
0.1640354
0.1704177
0.1785254
0.1883469
0.1999004
0.213232
0.2284156
0.2455512
0.2647661
0.2862147
0.3100795
0.3365726
0.3659373
0.3984508
0.4344263
0.4742166
0.5182178
0.5668734
0.6206791
0.6801886
0.7460191
0.8188588
0.8994739
0.988717
1.087537
1.196987
1.318238
1.45259
1.601481
1.766503
1.949416
2.152157
2.376857
2.625847
2.901666
3.207066
3.545004
3.918623
4.331227
4.786217
5.287011
5.836917
6.438952
7.095598
7.808466
8.577868
9.402274
10.27766
11.19673
12.14816
13.11576
14.07793
15.00739
15.87158
16.63383
17.25554
17.69931
17.9327
17.93207
17.68579
17.19613
16.47923
15.56335
14.48557
13.28777
12.01272
10.70071
9.38714
8.101271
6.865728
5.696786
4.605036
3.596271
2.672432
1.832495
1.073262
0.3900237
-0.2229071
-0.7717758
-1.263069
-1.703281
-2.098747
-2.455527
-2.779339
-3.075507
-3.348952
-3.604181
-3.845299
-4.076022
-4.299701
-4.51934
-4.737619
-4.956914
-5.179318
-5.406651
-5.640472
-5.882084
-6.132533
-6.392607
-6.662814
-6.943378
-7.234207
-7.534871
-7.844569
-8.162099
-8.485828
-8.813658
-9.14301
-9.470808
-9.793493
-10.10704
-10.40701
-10.68865
-10.94698
-11.17694
-11.37359
-11.53227
-11.64885
-11.7199
-11.74287
-11.71628
-11.63983
-11.51441
-11.34212
-11.12616
-10.87074
-10.58088
-10.26215
-9.920526
-9.562108
-9.192934
-8.818794
-8.445086
-8.076713
-7.718002
-7.372679
-7.043853
-6.734042
-6.445204
-6.178791
-5.935804
-5.716859
-5.522247
-5.351993
-5.205918
-5.083686
-4.984854
-4.90891
-4.855306
-4.823488
-4.812919
-4.823095
-4.853556
-4.903899
-4.973775
-5.062896
-5.171026
-5.297974
-5.443588
-5.607734
-5.790279
-5.991071
-6.20991
-6.446515
-6.700491
-6.971283
-7.258137
-7.560045
-7.875691
-8.203404
-8.541096
-8.886216
-9.235707
-9.585977
-9.93289
-10.27178
-10.59749
-10.90448
-11.18692
-11.43887
-11.65449
-11.82827
-11.95527
-12.03141
-12.05365
-12.02024
-11.9308
-11.78641
-11.58958
-11.34416
-11.05513
-10.72838
-10.37048
-9.988338
-9.588981
-9.179279
-8.765749
-8.354387
-7.950553
-7.558906
-7.183373
-6.827161
-6.492784
-6.182125
-5.896501
-5.636733
-5.403229
-5.196056
-5.01501
-4.859684
-4.729525
-4.623885
-4.542065
-4.483353
-4.44705
-4.4325
-4.439101
-4.466322
-4.513711
-4.580899
-4.667597
-4.773599
-4.898771
-5.04304
-5.206382
-5.388807
-5.590332
-5.810958
-6.050639
-6.309246
-6.586524
-6.882043
-7.195146
-7.524889
-7.869973
-8.228682
-8.598809
-8.977596
-9.361674
-9.747022
-10.12895
-10.50211
-10.86055
-11.19779
-11.50704
-11.78131
-12.01376
-12.19794
-12.32814
-12.3997
-12.40928
-12.35513
-12.23721
-12.05726
-11.81873
-11.5266
-11.18716
-10.80768
-10.39607
-9.960518
-9.50918
-9.049872
-8.589857
-8.135669
-7.693011
-7.266703
-6.86068
-6.478028
-6.121046
-5.791328
-5.489854
-5.217088
-4.973065
-4.757488
-4.569803
-4.409275
-4.275051
-4.166213
-4.081826
-4.020972
-3.982782
-3.966458
-3.97129
-3.996669
-4.042093
-4.107169
-4.191619
-4.295268
-4.418048
-4.559979
-4.721162
-4.901766
-5.102
-5.322099
-5.562287
-5.822751
-6.103593
-6.404787
-6.726124
-7.067146
-7.427075
-7.804734
-8.198465
-8.606034
-9.024549
-9.450379
-9.879089
-10.3054
-10.72319
-11.12554
-11.50484
-11.85299
-12.16163
-12.42247
-12.62771
-12.7704
-12.84491
-12.84729
-12.77556
-12.62992
-12.41277
-12.12862
-11.78386
-11.38639
-10.94522
-10.46999
-9.970518
-9.456408
-8.936709
-8.419649
-7.912464
-7.421308
-6.951222
-6.50617
-6.089107
-5.702079
-5.346339
-5.022468
-4.730495
-4.470013
-4.24028
-4.040319
-3.868992
-3.725075
-3.607312
-3.514464
-3.445345
-3.398855
-3.373994
-3.369887
-3.38579
-3.421094
-3.475335
-3.548188
-3.639466
-3.749117
-3.877216
-4.023954
-4.189631
-4.374637
-4.579439
-4.804558
-5.050541
-5.317937
-5.607249
-5.918896
-6.253155
-6.610092
-6.989488
-7.390751
-7.812809
-8.254002
-8.711966
-9.183504
-9.664479
-10.14971
-10.63292
-11.1067
-11.56258
-11.99116
-12.38235
-12.72573
-13.01099
-13.22848
-13.36978
-13.42828
-13.39967
-13.28235
-13.07756
-12.78944
-12.42473
-11.99243
-11.50319
-10.96875
-10.40126
-9.812738
-9.214561
-8.617099
-8.029451
-7.459314
-6.912939
-6.395168
-5.909543
-5.45843
-5.043182
-4.664299
-4.321593
-4.014331
-3.741378
-3.501309
-3.292518
-3.113299
-2.961916
-2.836663
-2.735903
-2.658105
-2.601867
-2.565933
-2.549205
-2.55075
-2.569802
-2.605763
-2.658203
-2.726853
-2.811606
-2.912506
-3.029746
-3.163663
-3.314726
-3.483532
-3.670793
-3.877326
-4.104038
-4.351906
-4.621954
-4.915221
-5.232725
-5.575414
-5.944101
-6.339391
-6.761591
-7.210591
-7.685741
-8.185694
-8.708243
-9.250134
-9.806893
-10.37265
-10.94001
-11.49996
-12.04194
-12.55391
-13.02273
-13.43456
-13.77558
-14.03273
-14.19461
-14.25235
-14.20037
-14.03695
-13.76444
-13.38922
-12.92123
-12.37332
-11.76033
-11.09813
-10.40276
-9.689583
-8.972682
-8.264431
-7.575253
-6.913542
-6.285715
-5.696358
-5.148424
-4.643467
-4.181882
-3.763134
-3.385972
-3.048616
-2.748923
-2.48452
-2.252916
-2.051595
-1.87808
-1.72999
-1.605076
-1.501245
-1.416583
-1.349356
-1.298022
-1.261223
-1.237787
-1.226719
-1.227195
-1.238552
-1.260283
-1.292031
-1.333574
-1.38483
-1.445844
-1.516784
-1.597943
-1.689731
-1.79268
-1.907436
-2.034769
-2.175567
-2.330838
-2.501717
-2.689461
-2.895454
-3.121201
-3.368327
-3.638567
-3.93375
-4.255782
-4.606608
-4.988171
-5.402344
-5.850849
-6.335141
-6.856264
-7.414671
-8.009991
-8.640766
-9.304134
-9.995486
-10.70811
-11.43283
-12.15778
-12.86822
-13.54663
-14.17308
-14.72596
-15.18308
-15.52317
-15.72754
-15.78183
-15.67753
-15.41299
-14.99375
-14.43222
-13.74653
-12.95896
-12.09413
-11.1772
-10.23227
-9.281198
-8.34282
-7.432542
-6.562301
-5.740735
-4.973519
-4.263786
-3.612571
-3.019242
-2.48189
-1.997681
-1.563137
-1.174383
-0.8273303
-0.5178242
-0.2417564
0.004857416
0.2258225
0.4247308
0.6049426
0.7695797
0.9215289
1.063451
1.197799
1.32683
1.452634
1.577147
1.702179
1.829432
1.960524
2.097006
2.240382
2.392131
2.553715
2.7266
2.912265
3.11221
3.327966
3.561097
3.813194
4.085875
4.380763
4.69947
5.043558
5.414495
5.813592
6.24192
6.700208
7.188711
7.707055
8.254054
8.827493
9.423907
10.03833
10.66409
11.29257
11.91317
12.51325
13.07833
13.59252
14.03907
14.40133
14.66374
14.81302
14.83932
14.73715
14.50599
14.1505
13.6802
13.10877
12.45298
11.73149
10.9636
10.16814
9.362593
8.562406
7.780664
7.02792
6.312239
5.63937
5.013005
4.435068
3.906033
3.425209
2.99102
2.601237
2.253185
1.943909
1.670312
1.429262
1.217673
1.032565
0.8711087
0.7306512
0.6087337
0.5030986
0.4116899
0.3326486
0.2643036
0.2051611
0.1538917
0.1093169
0.07039492
0.0362071
0.005944429
-0.02110528
-0.04556943
-0.06800183
-0.08889314
-0.1086803
-0.1277555
-0.1464737
-0.1651601
-0.1841171
-0.2036298
-0.2239718
-0.2454106
-0.2682121
-0.2926455
-0.3189876
-0.3475272
-0.3785696
-0.4124404
-0.4494904
-0.4901004
-0.5346853
-0.5837
-0.6376445
-0.6970699
-0.7625848
-0.8348625
-0.9146481
-1.002767
-1.100134
-1.207763
-1.326776
-1.458416
-1.604059
-1.765223
-1.943585
-2.140988
-2.359458
-2.601208
-2.86865
-3.164395
-3.491249
-3.852199
-4.250383
-4.689043
-5.171448
-5.700785
-6.279995
-6.911555
-7.597184
-8.337456
-9.131313
-9.975475
-10.86375
-11.78629
-12.72884
-13.67214
-14.59157
-15.45738
-16.2355
-16.88936
-17.38254
-17.68212
-17.76236
-17.60798
-17.21635
-16.59824
-15.77664
-14.78418
-13.65959
-12.44388
-11.1769
-9.894724
-8.628014
-7.401241
-6.232675
-5.134861
-4.115378
-3.177711
-2.322124
-1.546451
-0.8467829
-0.2180339
0.3456109
0.8503449
1.302479
1.708248
2.073685
2.404521
2.706137
2.983535
3.241322
3.483719
3.714569
3.937358
4.155232
4.371024
4.587271
4.806237
5.029925
5.260095
5.498268
5.745729
6.003526
6.272456
6.553057
6.845577
7.149954
7.465777
7.79225
8.128151
8.471788
8.820966
9.172948
9.524436
9.871573
10.20996
10.53469
10.84047
11.12172
11.37272
11.58784
11.76177
11.88972
11.96774
11.99286
11.96336
11.87883
11.74029
11.55015
11.31208
11.03089
10.71231
10.3627
9.988792
9.597455
9.19542
8.789091
8.38438
7.986595
7.600365
7.229613
6.877556
6.546739
6.239083
5.955952
5.69822
5.466349
5.260458
5.080396
4.925805
4.796176
4.690901
4.609318
4.550745
4.514509
4.499974
4.506555
4.533731
4.581058
4.648167
4.734771
4.840653
4.965671
5.109735
5.272804
5.45486
5.655894
5.875871
6.114707
6.372229
6.648131
6.941933
7.252919
7.580086
7.922074
8.277108
8.642925
9.01672
9.395089
9.773993
10.14875
10.51404
10.86398
11.19221
11.49207
11.75678
11.97971
12.15468
12.27623
12.33999
12.34289
12.2834
12.16168
11.97957
11.74058
11.44969
11.1131
10.73794
10.33195
9.903103
9.459316
9.008181
8.556741
8.111329
7.67747
7.259837
6.862248
6.487699
6.138427
5.815989
5.521346
5.254962
5.016888
4.806849
4.624323
4.468613
4.338906
4.234328
4.153984
4.096998
4.06254
4.04985
4.058249
4.087159
4.136101
4.204706
4.292708
4.399945
4.52635
4.671941
4.83681
5.021103
5.225002
5.4487
5.692371
5.956131
6.240001
6.543856
6.867367
7.209937
7.570631
7.948093
8.340468
8.745316
9.159526
9.579252
9.999856
10.41588
10.82109
11.20849
11.5705
11.89916
12.18635
12.42418
12.60534
12.72351
12.77375
12.75286
12.6596
12.49485
12.2616
11.9648
11.61112
11.20859
10.76613
10.29318
9.799254
9.29353
8.7846
8.280212
7.787134
7.311078
6.856692
6.427597
6.026464
5.655113
5.314626
5.00546
4.727567
4.480498
4.263502
4.075615
3.915737
3.782692
3.675286
3.592349
3.532768
3.495517
3.479675
3.484438
3.509134
3.553225
3.616308
3.698117
3.798518
3.917501
4.055177
4.211764
4.387574
4.582998
4.798485
5.034519
5.291588
5.570151
5.870591
6.193168
6.537954
6.904763
7.293066
7.701899
8.129758
8.574485
9.033159
9.501979
9.976173
10.44993
10.91636
11.36756
11.79468
12.18816
12.53804
12.83433
13.06752
13.22914
13.31225
13.312
13.22601
13.05459
12.8008
12.47032
12.0711
11.61288
11.10664
10.56399
9.996607
9.415737
8.831783
8.254028
7.690458
7.147686
6.63096
6.144234
5.690284
5.27085
4.886786
4.538217
4.224688
3.945295
3.698811
3.483787
3.298645
3.141749
3.011467
2.906217
2.824505
2.764953
2.726317
2.707504
2.707578
2.725765
2.761457
2.814207
2.883732
2.969904
3.072748
3.192436
3.329278
3.483716
3.656314
3.847745
4.058779
4.290269
4.54312
4.818274
5.116666
5.439188
5.786634
6.159632
6.558566
6.983479
7.433957
7.908997
8.406859
8.924901
9.459409
10.00544
10.55667
11.1053
11.64204
12.15616
12.63572
13.06788
13.43947
13.73761
13.95052
14.0683
14.08374
13.99297
13.79581
13.49595
13.10072
12.62058
12.06845
11.45883
10.80692
10.12781
9.435805
8.743847
8.063218
7.40333
6.771698
6.174002
5.614244
5.094937
4.617331
4.181624
3.787187
3.43275
3.116575
2.836609
2.590604
2.376219
2.191102
2.032951
1.899564
1.788872
1.698963
1.628097
1.574718
1.537451
1.515108
1.506681
1.511337
1.528416
1.557419
1.598006
1.649986
1.713316
1.788089
1.874539
1.973029
2.084055
2.208239
2.346333
2.499213
2.667882
2.853465
3.05721
3.280482
3.524754
3.791598
4.082668
4.399676
4.744356
5.118418
5.523483
5.961001
6.432142
6.937657
7.477706
8.051653
8.657817
9.293198
9.95317
10.63118
11.31845
12.00379
12.67349
13.31142
13.89939
14.41783
14.84676
15.16707
15.36202
15.41868
15.32923
15.0919
14.7113
14.19808
13.56809
12.84107
12.03907
11.18487
10.30058
9.406529
8.520515
7.657356
6.82878
6.043521
5.307572
4.62454
3.996013
3.421955
2.901058
2.431067
2.009051
1.631636
1.295192
0.995976
0.7302483
0.4943545
0.2847853
0.098216
-0.06846989
-0.2181692
-0.3535575
-0.4770946
-0.5910354
-0.6974443
-0.7982127
-0.8950768
-0.9896379
-1.083381
-1.177696
-1.273893
-1.373226
-1.476905
-1.586119
-1.702046
-1.82587
-1.958798
-2.10207
-2.256973
-2.424848
-2.607108
-2.805237
-3.020799
-3.255441
-3.510891
-3.788949
-4.091477
-4.420375
-4.777545
-5.164845
-5.584022
-6.036623
-6.523874
-7.046538
-7.604724
-8.197661
-8.823438
-9.478696
