0
1
-0.4
1.076
-0.7408864
0.5543223
0.3475516
0.9971877
-0.2878712
1.183139
-1.046105
-0.1771284
0.6422443
0.3693927
1.001642
-0.2937833
1.179661
-1.036373
-0.1497998
0.657672
0.3495146
1.026277
-0.3696876
1.116547
-0.8562529
0.3085272
0.6098594
0.5718582
0.7251273
0.4354241
0.9521064
-0.1384819
1.258784
-1.259896
-0.8446372
-0.3767456
0.5478966
0.4667093
0.8594244
0.1059583
1.242109
-1.128182
-0.4092802
0.4270309
0.6219184
0.5866138
0.7048134
0.4805175
0.8881882
0.03972574
1.264247
-1.225731
-0.7241095
-0.1017878
0.7682621
0.1431464
1.201791
-0.9790797
0.0185016
0.7057969
0.3081416
1.078807
-0.5369129
0.9200566
-0.3461796
1.108241
-0.8233298
0.3834515
0.547152
0.69591
0.4861386
0.8779099
0.06682535
1.257121
-1.192447
-0.6135663
0.1152167
0.7973452
0.1445018
1.20997
-1.00629
-0.05467486
0.6939281
0.3094469
1.074118
-0.5223874
0.9401913
-0.3942599
1.06444
-0.704524
0.6244363
0.2427538
1.10483
-0.6360821
0.7650083
-0.01015745
1.229358
-1.118897
-0.3838951
0.4580053
0.5911551
0.6481515
0.5892061
0.7084161
0.4741671
0.8977567
0.01389623
1.269057
-1.250538
-0.8086659
-0.2906781
0.639109
0.3409521
1.028985
-0.3800485
1.106484
-0.8280437
0.3720263
0.5578219
0.6759765
0.5276247
0.81305
0.2328171
1.16803
-0.8401655
0.3621796
0.5643067
0.662835
0.5542017
0.7688552
0.338667
1.070083
-0.5015089
0.9689093
-0.4647519
0.9882807
-0.5068039
0.936894
-0.3809196
1.077929
-0.7409779
0.5547111
0.3469205
0.997918
-0.2901004
1.181554
-1.041528
-0.1642254
0.6497838
0.3596259
1.013872
-0.3312234
1.150569
-0.9526999
0.07447868
0.7064241
0.3236946
1.065238
-0.4915158
0.9813484
-0.4957174
0.9503746
-0.4132117
1.046071
-0.6559335
0.711473
0.09454855
1.200927
-0.9907504
-0.01394282
0.7025027
0.304903
1.080599
-0.5432998
0.9109351
-0.3247138
1.125666
-0.8713873
0.2746577
0.6329722
0.5214819
0.8091709
0.239784
1.162256
-0.8192406
0.4090596
0.5199662
0.7442071
0.3806079
1.020455
-0.3436769
1.140777
-0.9250244
0.1442948
0.6933433
0.3702736
1.016059
-0.3342453
1.14841
-0.946657
0.08989966
0.7046882
0.3317503
1.057325
-0.4655851
1.01372
-0.5783555
0.8358229
-0.1515466
1.218594
-1.124424
-0.404482
0.4336249
0.6154126
0.5998617
0.6808561
0.5309675
0.8095597
0.2417486
1.161049
-0.8147228
0.4190321
0.5097601
0.7619121
0.3402141
1.06653
-0.4904158
0.9832483
-0.5006127
0.9441161
-0.3980812
1.061379
-0.6965592
0.6391411
0.2191304
1.124517
-0.7046147
0.6422805
0.2110817
1.130306
-0.7253052
0.6025972
0.2740357
1.075645
-0.5376075
0.918063
-0.3412578
1.112379
-0.8347199
0.3582535
0.5699002
0.6527753
0.5744083
0.7339097
0.4182497
0.975267
-0.2061291
1.233095
-1.190572
-0.6145178
0.1141433
0.7974045
0.1440476
1.210172
-1.007108
-0.05692066
0.6933318
0.3099313
1.073519
-0.5204413
0.942853
-0.4006928
1.058079
-0.6875524
0.6556041
0.1919909
1.145077
-0.7780832
0.4959442
0.4222301
0.8991936
-0.005299854
1.269719
-1.25865
-0.8369642
-0.3583076
0.5691727
0.4389672
0.9009827
-0.004787632
1.270263
-1.260431
-0.8430807
-0.3732283
0.5520566
0.4613583
0.8676249
0.08452543
1.250285
-1.16314
-0.518968
0.273999
0.7392039
0.3172083
1.080892
-0.5404951
0.9152786
-0.3349775
1.11749
-0.8487898
0.3266252
0.5960054
0.6006761
0.6736652
0.5448482
0.7864962
0.2974477
1.112084
-0.6421878
0.7562578
0.006647397
1.226815
-1.105113
-0.3417385
0.504967
0.5404901
0.7425087
0.3903002
1.009485
-0.3095929
1.168659
-1.004946
-0.06328495
0.6929093
0.3088419
1.074336
-0.5232247
0.9390311
-0.3914586
1.067174
-0.7118408
0.6107479
0.2642296
1.08548
-0.5703053
0.8702966
-0.2314743
1.186076
-1.038931
-0.1553048
0.6545534
0.3535924
1.021327
-0.3542758
1.130682
-0.8961023
0.2150055
0.666451
0.442682
0.925581
-0.06657562
1.271469
-1.28326
-0.9240168
-0.5803078
0.2513349
0.7374707
0.3139921
1.083214
-0.5484951
0.9037785
-0.3080902
1.138246
-0.906273
0.1916108
0.6767175
0.416358
0.9603196
-0.1661919
1.249428
-1.235357
-0.7617207
-0.1829128
0.7246439
0.2099739
1.155668
-0.8068054
0.4353917
0.4925661
0.7909476
0.2719326
1.133758
-0.7179904
0.6184132
0.2491941
1.098587
-0.614893
0.8002454
-0.08101761
1.230884
-1.145412
-0.4674896
0.3504114
0.6878497
0.4427312
0.9319396
-0.08309666
1.269915
-1.282686
-0.9224225
-0.5760144
0.2587636
0.7334537
0.3244931
1.072622
-0.5133773
0.9528079
-0.4249931
1.032976
-0.6213518
0.7693834
-0.01513668
1.230494
-1.124304
-0.4005336
0.4381109
0.6111223
0.6085746
0.6648284
0.5637768
0.7544665
0.3722255
1.032367
-0.3804278
1.107095
-0.8300507
0.3675505
0.561854
0.6683132
0.5432566
0.7873151
0.2951659
1.114222
-0.6495387
0.743606
0.03100849
1.221736
-1.080391
-0.2676211
0.5756133
0.4558507
0.8817642
0.04824387
1.261271
-1.212652
-0.6803552
-0.01183229
0.7956974
0.1100622
1.22175
-1.056724
-0.1968065
0.6287569
0.3874887
0.9784206
-0.2239829
1.22329
-1.16221
-0.5240389
0.2668735
0.7430783
0.3070305
1.090949
-0.5741274
0.8658134
-0.2217243
1.190918
-1.052116
-0.1924529
0.6325118
0.3821646
0.9852839
-0.2444487
1.211928
-1.129612
-0.4228532
0.4107897
0.6368966
0.5553448
0.759298
0.3594565
1.046897
-0.4265531
1.059342
-0.6990549
0.6336539
0.2281593
1.117217
-0.678995
0.6897171
0.130308
1.183143
-0.9206656
0.1682678
0.6841607
0.3951742
0.9866205
-0.2442358
1.212475
-1.131403
-0.4283603
0.4036895
0.6433406
0.5416648
0.7822411
0.3058379
1.103721
-0.6137279
0.8037895
-0.088627
1.23014
-1.145131
-0.466813
0.3513805
0.6871005
0.4444642
0.9295623
-0.07638122
1.270701
-1.283468
-0.9249947
-0.5829016
0.2468177
0.739843
0.3077306
1.089376
-0.5691155
0.8733632
-0.2386031
1.182305
-1.028564
-0.1264294
0.6690527
0.335387
1.043238
-0.4230664
1.062392
-0.7070674
0.6187956
0.2518085
1.096868
-0.6088251
0.8101253
-0.1014717
1.228622
-1.14376
-0.4628749
0.3569176
0.6827913
0.4543897
0.9157794
-0.03779579
1.272734
-1.279131
-0.9088261
-0.5400901
0.3189759
0.6955291
0.4184277
0.9635443
-0.1742563
1.246552
-1.227725
-0.7362675
-0.1272434
0.7564525
0.1607184
1.190773
-0.9369015
0.1283337
0.6958722
0.3605668
1.02675
-0.3677314
1.118708
-0.86243
0.2943126
0.6200031
0.5501283
0.7623033
0.3514897
1.055728
-0.4549392
1.026961
-0.6129897
0.7820292
-0.04009456
1.232358
-1.138218
-0.4440479
0.3824848
0.6619732
0.5012535
0.8468348
0.1463951
1.224046
-1.053687
-0.1871435
0.6348623
0.3795868
0.9887381
-0.2547682
1.205752
-1.111803
-0.3688229
0.4760167
0.5721245
0.6845479
0.5155892
0.8331993
0.1827672
1.203194
-0.9719173
0.03848578
0.7063512
0.3130409
1.074713
-0.5230986
0.9393288
-0.3922037
1.066445
-0.7098893
0.6144136
0.2585274
1.090753
-0.588081
0.8430509
-0.1714531
1.211761
-1.107145
-0.3525509
0.4938474
0.5527953
0.7203385
0.4393961
0.945805
-0.1205471
1.263397
-1.270806
-0.8819071
-0.4701059
0.4260284
0.6048679
0.6155973
0.6509163
0.5915103
0.7054366
0.4807559
0.8880542
0.04013036
1.264162
-1.225307
-0.7226811
-0.09876729
0.7695387
0.141304
1.202908
-0.9833917
0.006989571
0.7049141
0.3064314
1.080014
-0.5410727
0.9141406
-0.3322362
1.119709
-0.8549183
0.3126734
0.606654
0.5785612
0.7133699
0.4611131
0.9163355
-0.03720511
1.272963
-1.279769
-0.9110445
-0.5459338
0.3094254
0.7021781
0.4025519
0.9837862
-0.234204
1.218344
-1.148367
-0.4807435
0.3319298
0.7015286
0.4105795
0.9744528
-0.2062077
1.232806
-1.189596
-0.6113514
0.1198706
0.796478
0.147833
1.208347
-0.9997935
-0.03691776
0.6981539
0.3065383
1.077894
-0.5346365
0.9231976
-0.3536022
1.101911
-0.8059714
0.4211474
0.5098974
0.7623507
0.3393192
1.067513
-0.4936208
0.9791278
-0.4902538
0.95725
-0.4299346
1.028394
-0.6096114
0.7882416
-0.05273826
1.232579
-1.142772
-0.4585242
0.3628263
0.6781426
0.4650195
0.9007024
0.003735141
1.270191
-1.257619
-0.8331917
-0.3491776
0.5793475
0.4253457
0.9205177
-0.05869017
1.271333
-1.28041
-0.913828
-0.5532372
0.2973516
0.7102436
0.382981
1.007729
-0.30683
1.170516
-1.0102
-0.07755142
0.68852
0.3130508
1.069355
-0.5070125
0.9609201
-0.4448182
1.011268
-0.5651724
0.8561926
-0.1958437
1.203161
-1.085388
-0.288347
0.5579819
0.4776146
0.8480326
0.1364614
1.228339
-1.071406
-0.2385742
0.5988934
0.4262851
0.9252615
-0.07066681
1.270587
-1.281348
-0.9174189
-0.5627249
0.2814513
0.7202818
0.3581072
1.036547
-0.3967706
1.090567
-0.7841008
0.4664303
0.4601897
0.8434448
0.1420982
1.224765
-1.057439
-0.1980181
0.6278727
0.3886807
0.97686
-0.2193535
1.225696
-1.169068
-0.5456989
0.2323775
0.7606913
0.2596014
1.133857
-0.722005
0.6103496
0.2618613
1.087105
-0.5759578
0.8617132
-0.2123568
1.19538
-1.064215
-0.2269609
0.6086198
0.4133265
0.9434116
-0.1220376
1.262173
-1.266924
-0.8684842
-0.4360481
0.4732616
0.5556184
0.7097819
0.4613791
0.9149156
-0.03348515
1.272905
-1.278447
-0.906327
-0.5335344
0.3295794
0.6878681
0.4364463
0.9396809
-0.1052663
1.266391
-1.276824
-0.9024743
-0.523291
0.3458909
0.675516
0.4649167
0.9000483
0.005353266
1.269974
-1.256363
-0.8288345
-0.3386621
0.5907809
0.4097705
0.9421576
-0.1197942
1.262556
-1.267606
-0.8707891
-0.441865
0.4654208
0.5641774
0.6940116
0.4949402
0.8652514
0.1003582
1.245475
-1.141584
-0.4508556
0.3729459
0.6700193
0.4833876
0.8738768
0.07589146
1.2541
-1.179105
-0.5701744
0.1911301
0.7778047
0.2103669
1.171385
-0.8578914
0.3210469
0.5983331
0.5951106
0.6836806
0.5241464
0.820483
0.2147746
1.181565
-0.8901034
0.2452719
0.6487474
0.4843592
0.8661789
0.09493548
1.247236
-1.149355
-0.4752544
0.3389799
0.6965533
0.4224328
0.9591368
-0.1611908
1.251366
-1.240639
-0.7794506
-0.2227524
0.6966987
0.2536296
1.11895
-0.6767813
0.694439
0.1218219
1.187555
-0.9378546
0.1248667
0.6968152
0.3576879
1.029928
-0.377745
1.109211
-0.8358107
0.3547519
0.5730683
0.6466554
0.586492
0.7124345
0.4653595
0.9105472
-0.02112675
1.272539
-1.273437
-0.8885357
-0.487325
0.4009594
0.6287267
0.5668717
0.738737
0.4060361
0.9908096
-0.2525744
1.207932
-1.11851
-0.3891123
0.4524751
0.5966391
0.637373
0.6102496
0.6698455
0.5549046
0.7698669
0.3366984
1.072248
-0.5085925
0.9595416
-0.4415858
1.014865
-0.5744078
0.8425375
-0.1661396
1.214118
-1.113557
-0.3717782
0.4724262
0.5760054
0.6772327
0.5306999
0.8088705
0.2432299
1.159836
-0.8103386
0.4286428
0.4996699
0.7790548
0.300204
1.107545
-0.6272572
0.7814312
-0.04306584
1.231833
-1.137297
-0.4412716
0.3862021
0.6588056
0.5082259
0.8360307
0.1739415
1.208451
-0.992314
-0.0160265
0.7019462
0.3053722
