18.59954
18.299
18.0256
17.78142
17.56884
17.39059
17.24977
17.14988
17.09487
17.08911
17.13742
17.24506
17.41765
17.66109
17.98146
18.38476
18.87664
19.46208
20.14486
20.92705
21.80836
22.78547
23.85133
24.99461
26.19926
27.44446
28.70487
29.95144
31.15269
32.27649
33.29207
34.17218
34.89497
35.44554
35.81666
36.00888
36.02981
35.8929
35.61577
35.21857
34.72229
34.14744
33.51301
32.83589
32.13044
31.40854
30.67966
29.95114
29.22847
28.51566
27.81552
27.12994
26.46012
25.80678
25.17028
24.55076
23.94823
23.36262
22.79382
22.24173
21.70628
21.18742
20.68518
20.19965
19.73099
19.27945
18.84537
18.42921
18.03156
17.65313
17.29484
16.95775
16.64316
16.35262
16.08798
15.85138
15.64537
15.4729
15.33739
15.2428
15.19365
15.19509
15.25291
15.3736
15.56426
15.83262
16.18686
16.63542
17.18672
17.84869
18.62818
19.53023
20.55715
21.70747
22.9749
24.34723
25.80555
27.32381
28.86902
30.40228
31.88055
33.25944
34.49634
35.55391
36.40313
37.0256
37.41459
37.57483
37.52109
37.27584
36.86652
36.32277
35.67402
34.94769
34.16796
33.35518
32.52576
31.69238
30.86447
30.04865
29.2494
28.46946
27.71034
26.97267
26.25644
25.56131
24.88667
24.23183
23.59603
22.97853
22.37864
21.79571
21.22914
20.6784
20.14302
19.62258
19.1167
18.62507
18.1474
17.68347
17.23306
16.79605
16.37233
15.96184
15.56461
15.18069
14.81024
14.45348
14.11074
13.78248
13.46926
13.17184
12.89115
12.62833
12.38482
12.16234
11.96299
11.78932
11.64435
11.53174
11.45579
11.42162
11.43526
11.50373
11.63521
11.83905
12.12594
12.50778
12.99769
13.60974
14.35852
15.25845
16.32284
17.56249
18.98392
20.58731
22.36414
24.29489
26.34725
28.47522
30.61976
32.71142
34.67505
36.43631
37.92908
39.10242
39.92586
40.39173
40.51441
40.32665
39.87394
39.20835
38.38276
37.44641
36.442
35.40428
34.35993
33.32819
32.32203
31.34936
30.41432
29.51837
28.66117
27.84124
27.05652
26.30469
25.5834
24.89042
24.22373
23.58153
22.96227
22.36463
21.78751
21.23002
20.69141
20.17113
19.66875
19.18397
18.71664
18.26671
17.83426
17.4195
17.02278
16.64461
16.28566
15.94679
15.62908
15.33387
15.06277
14.81773
14.60107
14.41555
14.26442
14.15147
14.08113
14.05852
14.08949
14.18071
14.33968
14.57469
14.89484
15.30981
15.82968
16.46454
17.22391
18.11607
19.14701
20.31933
21.63089
23.07336
24.63098
26.27951
27.98587
29.70862
31.39956
33.00646
34.47681
35.7622
36.82259
37.62989
38.17012
38.44388
38.46513
38.25849
37.85585
37.29268
36.60482
35.82585
34.98544
34.10846
33.21474
32.31939
31.43336
30.56414
29.71652
28.89318
28.09536
27.32324
26.57636
25.85384
25.15462
24.47754
23.82145
23.18526
22.56795
21.9686
21.38638
20.82053
20.27039
19.73535
19.21485
18.70841
18.21555
17.73586
17.26893
16.8144
16.3719
15.94111
15.5217
15.11336
14.7158
14.32873
13.95187
13.58496
13.22773
12.87994
12.54135
12.21171
11.89081
11.57842
11.27434
10.97836
10.69028
10.40993
10.13713
9.871706
9.613519
9.362423
9.118293
8.881019
8.650512
8.4267
8.209542
7.999024
7.795167
7.598037
7.407751
7.224486
7.048498
6.880131
6.719843
6.568228
6.426043
6.294254
6.174071
6.067011
5.974962
5.900265
5.845818
5.81519
5.812766
5.843917
5.915195
6.034559
6.211626
6.457942
6.787257
7.215783
7.762383
8.448635
9.298676
10.33869
11.59587
13.09667
14.86419
16.91438
19.25139
21.86197
24.70995
27.73184
30.83516
33.90133
36.79424
39.37442
41.51658
43.12711
44.15696
44.60664
44.52217
43.98372
43.09059
41.94619
40.64621
39.27123
37.88354
36.52744
35.23149
34.01169
32.87482
31.82134
30.84774
29.94837
29.11664
28.34586
27.6297
26.96254
26.33951
25.75656
25.21042
24.69853
24.21896
23.77036
23.35188
22.96308
22.60394
22.27476
21.97617
21.70907
21.47464
21.27432
21.10975
20.98283
20.89564
20.85041
20.84954
20.89549
20.99076
21.13778
21.33885
21.59595
21.91065
22.28389
22.71582
23.20556
23.751
24.34858
24.99312
25.67769
26.39354
27.13014
27.87541
28.61591
29.33736
30.02517
30.66502
31.24358
31.74912
32.17211
32.50557
32.74538
32.8903
32.9418
32.90383
32.78228
32.5846
32.3192
31.99497
31.62092
31.20575
30.75763
30.28404
29.79167
29.28638
28.77324
28.25656
27.74002
27.22667
26.71911
26.21952
25.72974
25.25139
24.78587
24.33447
23.89836
23.47871
23.07664
22.69331
22.32992
21.98773
21.66813
21.37259
21.10272
20.86029
20.64722
20.46563
20.31782
20.20625
20.13362
20.10275
20.11665
20.17842
20.29122
20.45818
20.6823
20.96631
21.31248
21.72247
22.19704
22.73582
23.33704
23.99727
24.71114
25.47119
26.26775
27.08899
27.92106
28.74845
29.55454
30.32224
31.03477
31.67656
32.234
32.69618
33.05538
33.30736
33.45141
33.49007
33.42874
33.27509
33.03842
32.72899
32.35744
31.93429
31.46951
30.97229
30.45086
29.91241
29.36312
28.80819
28.25197
27.69803
27.14929
26.60816
26.07659
25.55621
25.04841
24.55436
24.07514
23.61172
23.16505
22.73608
22.3258
21.93523
21.56551
21.21785
20.8936
20.59427
20.32153
20.07723
19.86343
19.68242
19.53673
19.42912
19.3626
19.34041
19.36604
19.44311
19.57538
19.76663
20.02057
20.34061
20.72976
21.19029
21.72349
22.32936
23.00622
23.75036
24.55576
25.4138
26.31311
27.23963
28.17679
29.10599
30.00728
30.86023
31.64504
32.34354
32.9403
33.42345
33.78528
34.02245
34.13597
34.1307
34.01475
33.79861
33.49434
33.11473
32.67256
32.18007
31.64853
31.088
30.50723
29.91363
29.31337
28.7115
28.11205
27.51825
26.93264
26.35721
25.79353
25.24286
24.70621
24.18446
23.67836
23.18862
22.71593
22.261
21.82459
21.4075
21.01067
20.63513
20.28203
19.95272
19.64868
19.37165
19.12354
18.90657
18.72319
18.57617
18.46857
18.4038
18.38557
18.4179
18.50512
18.65173
18.86239
19.14177
19.49434
19.92418
20.43464
21.02803
21.70519
22.46499
23.30393
24.21563
25.19045
26.21529
27.27352
28.34524
29.40784
30.43691
31.40742
32.29514
33.07808
33.73792
34.2611
34.63951
34.87077
34.95794
34.90883
34.73502
34.45068
34.07145
33.61334
33.09188
32.52146
31.91495
31.28347
30.63636
29.98127
29.32432
28.6703
28.02288
27.38481
26.75817
26.14445
25.54474
24.95984
24.39035
23.83674
23.29939
22.77865
22.27489
21.7885
21.3199
20.86962
20.43825
20.02651
19.63524
19.26542
18.91822
18.59499
18.2973
18.02698
17.78613
17.57718
17.40288
17.26638
17.17121
17.12135
17.12122
17.17566
17.28997
17.46976
17.72095
18.04958
18.46158
18.96251
19.55721
20.24925
21.04043
21.93013
22.91463
23.98643
25.13372
26.33999
27.58397
28.83997
30.07875
31.26886
32.37836
33.37694
34.238
34.94049
35.47037
35.82129
35.99455
35.9984
35.84668
35.55727
35.15033
34.64674
34.06678
33.42917
32.75044
32.04468
31.32345
30.59597
29.86937
29.14898
28.43867
27.74115
27.05825
26.39112
25.74044
25.10658
24.48967
23.88971
23.30663
22.74035
22.19076
21.65782
21.14149
20.64182
20.1589
19.69293
19.24416
18.81298
18.39986
18.00542
17.63041
17.27577
16.94263
16.63231
16.34645
16.08691
15.85595
15.65617
15.49061
15.36279
15.27677
15.23717
15.24926
15.31895
15.45281
15.65804
15.94243
16.31418
16.7817
17.35326
18.03654
18.83802
19.76219
20.81059
21.98084
23.2655
24.65108
26.11732
27.63689
29.17571
30.69413
32.14893
33.49612
34.69422
35.70759
36.50937
37.08354
37.42569
37.54258
37.45051
37.17293
36.73766
36.17423
35.51158
34.77638
33.99196
33.17781
32.34953
31.51909
30.69531
29.8844
29.09045
28.31597
27.5623
26.82996
26.11888
25.42868
24.75876
24.10841
23.47691
22.86353
22.26759
21.68848
21.12562
20.57849
20.04666
19.5297
19.02728
18.53909
18.06486
17.6044
17.15752
16.7241
16.30408
15.89743
15.5042
15.1245
14.75853
14.40657
14.06903
13.74642
13.43942
13.14889
12.87588
12.62169
12.38794
12.17655
11.98987
11.83072
11.70246
11.60912
11.55544
11.54702
11.59042
11.69328
11.86439
12.11378
12.45275
12.89378
13.45041
14.13686
14.9675
15.95597
17.11404
18.44996
19.9666
21.65921
23.51312
25.50172
27.58516
29.71036
31.81269
33.8198
35.65734
37.25592
38.55829
39.52539
40.1399
40.40682
40.35101
40.01241
39.44007
38.68627
37.80146
36.83081
35.81215
34.77533
33.74259
32.72941
31.74581
30.79749
29.88707
29.01501
28.18035
27.38134
26.61581
25.88148
25.1761
24.49759
23.8441
23.21398
22.60582
22.01845
21.45087
20.90228
20.37203
19.85961
19.36466
18.88692
18.42626
17.98266
17.55624
17.14722
16.75596
16.38298
16.02898
15.69481
15.38159
15.09066
14.82365
14.58254
14.36968
14.18787
14.04039
13.93112
13.86456
13.84591
13.88115
13.9771
14.14143
14.38266
14.71011
15.13375
15.66398
16.31122
17.08536
17.99498
19.04636
20.24226
21.58056
23.05271
24.64244
26.3247
28.06523
29.82112
31.54247
33.17534
34.66566
35.96381
37.02911
37.83345
38.36351
38.62111
38.62172
38.3917
37.96453
37.37712
36.66637
35.86661
35.00793
34.11531
33.20856
32.30258
31.40806
30.53219
29.67944
28.85226
28.05161
27.27747
26.52922
25.80584
25.10615
24.4289
23.77288
23.13694
22.52004
21.9212
21.33958
20.77441
20.225
19.69073
19.17105
18.66544
18.17345
17.69464
17.22861
16.77499
16.33342
15.90356
15.48509
15.07771
14.68111
14.29501
13.91914
13.55324
13.19704
12.8503
12.51279
12.18427
11.86454
11.55339
11.25061
10.95602
10.66946
10.39075
10.11976
9.856359
9.600436
9.351906
9.110707
8.876809
8.650217
8.430977
8.219188
8.015008
7.818669
7.630491
7.450904
7.280467
7.119897
6.970109
6.83225
6.70776
6.598426
6.506468
6.434622
6.386258
6.365507
6.37742
6.428147
