0
1
1.698009
-0.04591532
0.7093925
0.9678062
0.002285395
1.558387
-0.4459604
1.391211
-0.2527464
1.51188
-0.09276376
2.000337
-0.1099305
-0.05089026
1.904943
-0.4434081
-0.01885351
1.730575
-0.350479
0.7432208
0.8153648
0.2276818
1.13909
0.0200227
1.681631
-0.4297136
0.8856192
0.659385
0.7022965
0.7812201
0.2947064
0.7541832
1.27339
-0.2624214
1.789249
-0.4913499
0.5872355
0.3677845
0.5280022
0.3941544
0.6849341
0.3262645
0.86409
0.1236335
1.196961
-0.1750524
1.732006
-0.5747446
1.056684
0.0447942
1.414844
-0.2683174
1.856504
-0.3206231
0.2748155
0.7429123
0.1630012
1.110987
-0.06271665
1.587781
-0.315801
1.761567
-0.2704313
0.1506463
1.117702
-0.01966588
1.779005
-0.2904931
0.601199
0.5950595
0.2973491
0.7212341
0.2197728
1.078563
-0.06096061
1.590206
-0.4345383
1.625634
-0.2405775
0.4172237
0.4927851
0.3810395
0.4426633
0.4080169
0.5347659
0.459039
0.6466497
0.3634465
0.6953551
0.2363383
0.8220713
0.1338649
1.315912
-0.2508941
1.646119
-0.4837734
1.408645
-0.2644817
1.122034
1.201806
0.989013
0.6634425
0.03024908
0.3589216
0.4594788
0.8345447
0.2965814
0.6755468
1.319066
-0.3064957
1.812878
-0.3754413
0.4148925
0.4012698
0.4050926
0.4533404
0.4762607
0.5458634
0.5122388
0.5460044
0.413511
0.4877428
0.3575273
0.5489458
0.3822871
0.7282731
0.2818308
0.9437243
0.07963104
1.379524
-0.2848999
1.519833
-0.2304361
1.790767
-0.445167
0.3072132
0.6054973
0.2645017
0.8393047
0.1615588
1.285176
-0.1885223
1.758668
-0.5716115
0.8968116
0.2284273
1.113586
0.01402882
1.409346
0.5273554
2.117403
0.3503602
0.1840872
1.901646
-0.4582351
-0.4250035
1.812661
0.9273481
0.5245166
1.321918
0.8234562
1.727016
-0.3521893
-0.3921662
1.789412
0.1838497
-0.04833149
1.486722
0.3539848
2.076213
-0.1472486
-0.1661176
1.912435
0.2922968
0.04621952
1.731893
-0.61267
0.04651711
1.489941
-0.2463857
1.195702
0.9959068
1.429875
0.7266924
-0.09049055
0.4912484
0.6729418
0.4403013
0.5271385
0.508096
0.5857469
0.4231763
0.5432078
0.3286778
0.5591731
0.3371831
0.7647512
0.2428169
1.072684
-0.0171821
1.607025
-0.4685466
1.248577
-0.05181728
1.689007
-0.5395744
1.166583
-0.04779326
1.547969
-0.3137361
1.825358
-0.161597
0.08392856
1.428056
-0.243828
1.8168
-0.4422437
0.3995536
0.4093079
0.4166444
0.4747616
0.4929276
0.5615095
0.4935458
0.536854
0.3870081
0.4895254
0.3608959
0.5885363
0.3740154
0.7858911
0.2123001
1.037875
0.02822422
1.609712
-0.3323355
0.9956334
0.9795761
0.7028186
0.9242201
0.4664396
0.6308456
1.192506
-0.1537834
1.70602
-0.5640051
1.197549
-0.09674869
1.359574
0.8298353
2.01767
0.5676591
0.3738626
1.849812
-0.7897457
-0.3488296
2.12174
0.8922398
0.5363913
1.839253
-0.8285569
-0.4179483
2.090133
1.136863
0.6696705
1.802131
-0.7335088
-0.1294064
1.982292
0.1673487
0.4069121
1.213025
-0.04573671
1.346892
0.8552209
1.975342
0.6019406
0.362959
1.770254
-0.6498186
0.09382562
1.355837
-0.083989
1.271318
1.319858
1.543629
0.9094796
0.6316221
0.59638
0.7666883
0.2923324
0.7599774
1.224349
-0.1718154
1.685051
-0.5177896
1.209252
-0.0778793
1.578005
-0.3270579
1.79579
-0.1659901
0.07676072
1.397837
-0.1656756
1.910213
-0.3259573
0.1901318
1.099869
-0.0817833
1.625367
-0.4717341
1.528483
-0.2462571
0.6262128
0.6808327
0.2012831
0.9821061
0.04997438
1.492639
-0.2786552
1.786584
-0.4008797
0.3437343
0.517262
0.3182953
0.6397475
0.3182967
0.9193971
0.0908544
1.304267
-0.1143376
1.931935
-0.2641693
0.2430455
0.9808923
0.009318333
1.505607
-0.4033094
1.625403
-0.3837436
0.7387393
0.6507867
0.4066854
0.835876
0.1698998
1.019094
0.05142704
1.627108
-0.1993581
0.8341255
1.265077
-0.09254853
1.33696
1.058362
1.882037
0.7724776
0.5794821
1.571252
-0.1424012
0.8933879
1.450536
-0.1587494
1.088692
1.503751
0.5402797
0.7310967
0.422225
0.6394479
0.9683751
0.002819667
1.675589
-0.1703481
0.7798376
1.188082
-0.1042763
1.498513
0.1442228
2.146102
0.1440874
0.05261168
1.923479
-0.1444932
-0.2109142
1.858733
0.2484176
-0.03506817
1.655941
-0.5019902
0.5195794
0.3224692
0.5487285
0.3516651
0.7528052
0.2632423
1.029437
0.0239467
1.527465
-0.4075326
1.36936
-0.1478276
1.745534
-0.5715556
0.8941231
0.2258385
1.140661
0.0327327
1.354452
0.8976551
1.974041
0.6908018
0.4623476
1.759868
-0.6069328
0.1789742
1.041452
0.05282402
1.481521
-0.01447095
1.976086
-0.2917893
-0.06463525
1.916403
-0.3483826
0.2054767
1.027046
-0.02339193
1.570991
-0.43398
1.587638
-0.3153391
0.650896
0.626345
0.2844688
0.8441827
0.1333134
1.277087
-0.2090197
1.774595
-0.559144
0.811244
0.3155442
0.8740259
0.2669359
1.152836
0.3033412
1.555102
-0.134054
0.5542081
0.6650252
0.2482212
0.825637
0.2047224
1.267234
-0.1481139
1.717316
-0.5668519
1.125601
-0.02738189
1.455128
-0.04756023
2.070176
0.07567917
0.03723947
1.904748
-0.4917086
-0.2777488
2.012276
0.3014236
0.1455243
1.757246
-0.6091855
0.3160803
0.6378323
0.3191525
0.9188089
0.09292785
1.300947
-0.1032451
1.933608
-0.2572447
0.2387069
1.008789
-0.01041963
1.533969
-0.4194106
1.620165
-0.338531
0.6401943
0.5785378
0.3289193
0.7367911
0.2293568
1.054113
-0.04369202
1.600408
-0.4872479
1.408544
-0.2695694
1.173577
1.102571
1.280922
0.6174707
-0.08212326
0.4344197
0.7129442
0.8142656
0.09964847
1.385334
-0.2580701
1.429364
0.1662522
2.062473
-0.05037247
-0.0553056
1.933252
-0.2452418
-0.2365036
1.896138
-0.001467733
-0.09234211
1.750766
-0.5687712
0.5079334
0.313959
0.5932831
0.3342517
0.8433561
0.1737202
1.178446
-0.02341081
1.79364
-0.3788853
0.579933
0.48197
0.3924307
0.5315266
0.4117216
0.6636729
0.336305
0.8048663
0.1568102
1.091092
-0.09183389
1.683076
-0.545118
1.211629
-0.1069376
1.434768
0.4161494
2.192748
0.3863755
0.267175
1.976017
-0.2699752
-0.1995844
1.935749
0.7314716
0.6026918
1.707475
-0.5684569
0.1758843
1.046522
0.01526352
1.526376
-0.1974253
1.868667
-0.3256061
0.07038161
1.471552
-0.3657728
1.444986
-0.2092516
1.766617
-0.5346993
0.6160043
0.3226155
0.6230938
0.3342536
0.886885
0.1241574
1.237221
-0.05328222
1.88973
-0.2835791
0.3416956
0.5730364
0.2855347
0.7335055
0.237062
1.11174
-0.07971846
1.59445
-0.429147
1.654785
-0.1941653
0.3027006
0.6636174
0.4489895
0.489229
0.5342184
0.5321419
0.5115026
0.4498511
0.4349635
0.4089374
0.4749219
0.4692261
0.5707047
0.4721597
0.587277
0.351137
0.5741548
0.2892846
0.7287292
0.2376432
1.100151
-0.07185839
1.587528
-0.4244006
1.662552
-0.2012814
0.3042678
0.6584653
0.4249975
0.5129826
0.4944828
0.5948143
0.4307829
0.5744011
0.3206225
0.5808961
0.3062316
0.8036396
0.1990025
1.177221
-0.09786621
1.73216
-0.5451993
0.9670235
0.213533
1.251705
-0.08275198
1.339111
1.057183
1.889097
0.7730842
0.5881294
1.586366
-0.2051113
0.7945866
1.175214
-0.06864744
1.444151
0.4436793
2.178029
0.3439023
0.2271233
1.963546
-0.2480193
-0.2006598
1.927705
0.6573522
0.4836153
1.719986
-0.5078352
0.383939
0.4333793
0.4232982
0.5219343
0.4841095
0.608217
0.4074604
0.6064967
0.2940484
0.6472774
0.2590282
0.951725
0.0646984
1.417441
-0.2240793
1.872401
-0.3491391
0.247955
0.8288495
0.1049643
1.312153
-0.2406242
1.595345
-0.3642662
1.641089
-0.3688815
0.5302327
0.4128498
0.4020756
0.461415
0.4700933
0.5592222
0.4936077
0.5715299
0.3799684
0.5332635
0.3186766
0.6316193
0.3112166
0.9053356
0.1030128
1.299038
-0.1269233
1.908954
-0.3257194
0.297319
0.6916635
0.210562
1.01268
0.003599359
1.531697
-0.3526084
1.728276
-0.3269797
0.3610566
0.504625
0.3232096
0.5522705
0.3525891
0.7596656
0.2570699
1.036994
0.02401579
1.544323
-0.4074021
1.303363
0.007208967
1.829218
-0.4783809
0.4230182
0.3786815
0.4561385
0.4319071
0.5643602
0.4654075
0.6434693
0.3337168
0.6700696
0.2311574
0.8426421
0.140441
1.339325
-0.2568893
1.68538
-0.5362136
1.177439
-0.05791363
1.553041
-0.3022117
1.840691
-0.1389754
0.0534688
1.530363
-0.3449332
1.65648
-0.4364694
0.7200973
0.5128176
0.5381273
0.5958723
0.4624092
0.5137017
0.3686803
0.4472069
0.4071328
0.5464388
0.453133
0.6624258
0.340308
0.7246235
0.2159799
0.897732
0.08999721
1.42862
-0.3258797
1.664832
-0.4955764
0.9813116
0.3512347
1.26369
0.2320458
0.7805215
1.442067
-0.3362981
1.539983
-0.3877519
1.091613
0.6811346
1.339083
0.4883069
-0.004801283
0.5584866
0.8882557
0.2780118
0.9253634
0.05679642
1.395286
-0.3175126
1.741654
-0.470748
0.6588724
0.432422
0.532836
0.4803717
0.6072429
0.3904744
0.6101945
0.2826005
0.6871431
0.2370138
1.038833
-0.01491553
1.519119
-0.2950201
1.838125
-0.21222
0.1209429
1.324716
-0.217675
1.804874
-0.5193257
0.6245549
0.368369
0.5576602
0.4010496
0.7307006
0.2780734
0.9119887
0.1118509
1.315914
-0.1984272
1.485606
0.1087536
2.075969
-0.0692134
-0.07736904
1.939751
-0.1065498
-0.2061126
1.825437
-0.1183453
-0.2005971
1.750335
-0.5060405
0.4144341
0.4051397
0.4448217
0.4723651
0.5342854
0.5213854
0.5402278
0.4352131
0.4749142
0.3726506
0.5134203
0.4073372
0.6584397
0.3587795
0.8048487
0.1670855
1.050128
-0.06540947
1.681451
-0.5070584
1.078747
0.1506061
1.488713
-0.289479
1.132811
1.021372
1.187023
0.6944221
-0.1472839
0.1905061
0.7934785
1.534792
-0.4177506
1.436034
-0.2950887
1.128328
1.072078
1.13615
0.6289792
-0.09218405
0.2655962
0.6720887
1.341384
-0.3141835
1.754424
-0.4489484
0.5749136
0.3885623
0.4908416
0.4172786
0.6096901
0.4047187
0.7253671
0.2350943
0.8731513
0.07654076
1.375776
-0.242307
1.442838
0.1437374
2.04721
-0.1226719
-0.08393612
1.951045
-0.1946554
-0.1762544
1.90061
-0.2041061
-0.08559127
1.831906
-0.5364323
0.4389233
0.3651333
0.4926693
0.4141275
0.631417
0.3956455
0.7567423
0.2099028
0.9202923
0.03841054
1.487983
-0.3143358
1.29324
0.3921449
1.900281
0.1158887
-0.02306953
1.686291
-0.4755034
0.9528243
0.4503323
1.10233
0.4049165
0.6720133
1.287667
-0.2277967
1.63306
-0.4453731
1.48059
-0.3136213
0.9679934
1.061331
0.5461919
0.9005889
0.9772369
0.5146444
0.6289668
1.110618
-0.05677581
1.515652
-0.2336054
1.946884
-0.00979027
0.01671281
1.775071
-0.5929907
0.5891302
0.2785997
0.6802601
0.2739293
1.031967
-0.004187004
1.469517
-0.1988805
1.954103
-0.1067028
0.04779668
1.748955
-0.5558808
0.7216104
0.3109823
0.776508
0.296137
1.097801
0.02800221
1.529848
-0.4214343
1.511563
-0.3699596
1.191733
0.5617834
1.6923
0.3614486
-0.03396471
1.197703
1.594304
1.018671
